2
163
167
171
348
351
539
543
694
871
875
1034
1038
1227
1231
1414
1417
1606
1781
1785
1945
1949
1952
2131
2135
2313
2317
2505
2509
2513
2694
2698
2702
2856
2860
3047
3051
3208
3212
3392
3396
3400
3581
3585
3589
3751
3755
3759
3932
3936
4077
4081
4085
4256
4260
4415
4588
4592
4596
4769
4773
4948
4951
4954
5122
5126
5130
5286
5290
5294
5623
5627
5631
5808
5812
5986
5990
5994
6164
6167
6170
6337
6341
6345
6516
6520
6524
6672
6676
6680
6844
6848
7033
7037
7220
7224
7227
7406
7410
7558
7562
7566
7897
7901
7905
8079
8083
8265
8269
8455
8459
8649
8653
8657
8833
8837
8983
8987
8991
9159
9163
9314
9318
9321
9500
9504
9508
9685
9689
9876
9880
10034
10209
10213
10217
10383
10387
10391
10566
10570
10573
10761
10764
10768
10953
10957
10961
11137
11141
11145
11295
11299
11479
11483
11487
11676
11680
11684
11845
11849
12033
12037
12203
12207
12383
12540
12543
12547
12720
12724
12905
12909
12913
13092
13096
13287
13291
13456
13459
13463
13622
13625
13629
13807
13811
13999
14003
14007
14183
14187
14369
14373
14564
14568
14723
14901
14905
14909
15070
15074
15432
15435
15595
15599
15603
15779
15786
15943
15947
16133
16135
16139
16328
16332
16505
16508
16511
16689
16693
16884
16888
16892
17049
17381
17385
17568
17572
17752
17756
17937
17940
17943
18125
18129
18133
18307
18311
18459
18463
18467
18644
18648
18823
18827
18831
19000
19004
19184
19188
19192
19353
19357
19668
19672
19676
19857
19861
19864
20041
20045
20049
20224
20227
20231
20404
20408
20585
20589
20768
20772
20775
20931
20935
20939
21129
21133
21315
21318
21475
21478
21481
21664
21668
22003
22007
22186
22190
22374
22378
22540
22543
22547
22725
22727
22902
22905
22909
23066
23070
23074
23250
23254
23428
23432
23436
23628
23632
23814
23818
23822
23979
23983
23987
24170
24346
24350
24354
24516
24520
24834
24837
24997
25001
25182
25186
25357
25361
25365
25542
25546
25727
25731
25919
25923
25927
26096
26100
26282
26286
26460
26645
26649
26835
27005
27008
27189
27192
27361
27368
27544
27548
27688
27692
27696
27877
27881
28228
28231
28400
28404
28408
28600
28603
28775
28926
28930
29117
29121
29125
29304
29308
29480
29483
29652
29655
29825
29829
30004
30008
30012
30162
30166
30170
30352
30356
30537
30541
30545
30739
30743
30914
30918
31071
31074
31078
31246
31427
31431
31435
31622
31626
31811
31815
31986
31989
31993
32164
32168
32172
32354
32358
32483
32487
32491
32664
32668
32672
32854
32857
33038
33041
33045
33224
33231
33407
33411
33735
33738
33742
33930
33934
34109
34113
34117
34293
34296
34479
34484
34663
34667
34671
34986
34990
34994
35158
35162
35166
35348
35352
35542
35546
35550
35705
35709
35713
35890
36056
36060
36242
36246
36250
36430
36434
36609
36613
36617
36789
36792
36795
36975
36979
36983
37296
37300
37485
37489
37662
37665
37858
37862
37866
38026
38030
38034
38209
38371
38373
38376
38380
38566
38570
38746
38750
38930
38934
39108
39112
39268
39270
39434
39438
39441
39614
39618
39791
39795
39799
39967
39971
40164
40167
40339
40343
40347
40526
40719
40722
40910
40914
40918
41094
41097
41272
41459
41463
41625
41629
41805
41963
41966
41970
42142
42147
42310
42314
42470
42473
42476
42656
42660
42820
42824
43163
43167
43335
43339
43520
43524
43709
43712
43716
43895
43898
43902
44080
44084
44231
44235
44239
44410
44414
44578
44582
44776
44780
44783
44970
44974
44978
45139
45142
45464
45468
45472
45641
45645
45822
45826
46002
46006
46009
46186
46190
46362
46366
46369
46512
46516
46520
46699
46703
46707
46892
46896
47070
47074
47078
47253
47257
47260
47421
47425
47761
47765
47769
47948
47952
47956
48136
48140
48312
48316
48320
48493
48496
48500
48687
48847
48851
49034
49038
49212
49216
49220
49404
49408
49412
49571
49575
49736
49740
49910
50089
50093
50097
50267
50271
50275
50453
50457
50623
50626
50630
50808
50811
50996
51000
51004
51167
51171
51349
51353
51357
51512
51516
51520
51696
51700
51704
51881
51885
52051
52225
52404
52406
52408
52410
52413
52417
52581
52585
52589
52763
52947
52951
53136
53140
53310
53313
53317
53490
53494
53653
53657
53834
53838
54011
54014
54192
54196
54200
54379
54383
54548
54894
54898
54902
55077
55081
55261
55265
55269
55444
55447
55451
55621
55624
55628
55811
55815
55819
55989
55993
56161
56165
56351
56355
56536
56540
56544
56722
56726
