96
97
98
99
100
101
102
103
105
106
108
110
112
273
275
277
279
280
282
284
286
288
290
435
437
439
441
442
443
444
446
448
450
452
607
609
611
613
614
615
618
620
622
624
779
781
783
784
785
787
788
790
792
794
937
939
941
943
945
946
948
950
952
954
956
1109
1110
1112
1114
1116
1117
1285
1287
1289
1291
1292
1293
1294
1296
1298
1448
1450
1452
1453
1454
1455
1456
1458
1460
1462
1620
1622
1624
1626
1627
1628
1631
1785
1787
1789
1791
1792
1793
1795
1797
1799
1801
1959
1960
1961
1962
1963
2106
2107
2109
2111
2112
2113
2116
2118
2120
2122
2271
2273
2275
2277
2279
2281
2283
2285
2287
2436
2438
2440
2441
2442
2444
2445
2447
2449
2451
2455
2607
2609
2611
2613
2614
2615
2616
2618
2620
2622
2624
2756
2758
2760
2762
2764
2765
2767
2769
2771
2775
2934
2935
2937
2939
2940
2941
2942
2944
2946
2948
2950
3095
3097
3099
3100
3101
3102
3109
3111
3265
3267
3269
3270
3271
3272
3273
3274
3419
3420
3421
3422
3423
3424
3425
3427
3429
3431
3435
3586
3589
3590
3591
3592
3594
3596
3740
3742
3744
3746
3748
3749
3751
3753
3755
3757
3759
3914
3915
3916
3917
3918
3919
3920
3921
3922
3924
3925
3927
3929
3931
4088
4090
4092
4094
4095
4096
4241
4243
4244
4245
4246
4247
4248
4394
4396
4398
4400
4401
4402
4403
4405
4407
4409
4411
4562
4564
4566
4568
4569
4570
4572
4573
4575
4724
4726
4728
4730
4731
4732
4735
4737
4739
4741
4901
4903
4905
4907
4909
5062
5064
5066
5068
5069
5070
5071
5073
5075
5077
5079
5242
5244
5246
5248
5249
5250
5252
5253
5255
5257
5375
5377
5379
5381
5382
5383
5386
5388
5395
5542
5543
5545
5547
5548
5549
5550
5552
5555
5557
5714
5715
5716
5717
5718
5721
5883
5885
5887
5889
5890
5891
5892
5894
5896
5898
5900
6057
6059
6060
6061
6062
6063
6064
6065
6066
6067
6069
6070
6072
6074
6076
6080
6233
6235
6237
6239
6240
6241
6242
6244
6246
6248
6406
6408
6409
6410
6411
6412
6413
6414
6415
6554
6555
6557
6559
6561
6562
6564
6566
6568
6572
6701
6703
6704
6705
6706
6717
6876
6878
6880
6882
6883
6884
6887
6889
6891
7056
7058
7060
7062
7063
7064
7065
7067
7069
7071
7073
7235
7236
7237
7238
7239
7240
7241
7397
7398
7399
7400
7401
7402
7403
7404
7405
7406
7407
7408
7410
7412
7414
7542
7544
7546
7548
7550
7551
7553
7555
7710
7712
7714
7716
7717
7719
7721
7723
7726
7882
7884
7886
7888
7890
7891
7893
7895
7897
7901
8058
8060
8062
8064
8065
8066
8067
8069
8071
8073
8075
8227
8229
8231
8233
8234
8235
8236
8238
8240
8242
8392
8394
8396
8398
8399
8400
8401
8403
8405
8407
8409
8566
8568
8569
8570
8571
8572
8573
8574
8575
8576
8577
8720
8722
8724
8726
8727
8728
8729
8731
8733
8735
8737
8890
8892
8894
8896
8897
8898
8900
8901
8903
8905
8907
9063
9065
9067
9069
9070
9071
9072
9073
9074
9075
9076
9077
9079
9081
9083
9085
9238
9239
9241
9243
9244
9245
9246
9248
9250
9252
9254
9409
9411
9413
9415
9416
9417
9420
9422
9424
9426
9588
9590
9592
9593
9594
9596
9597
9599
9601
9603
9607
9728
9730
9732
9733
9734
9890
9892
9894
9896
9897
9898
9900
9901
9903
9905
10058
10060
10062
10064
10065
10066
10067
10069
10071
10073
10075
10230
10232
10234
10236
10237
10238
10240
10241
10243
10245
10247
10385
10387
10389
10391
10392
10394
10396
10398
10400
10402
10558
10560
10562
10564
10565
10566
10567
10569
10571
10573
10575
10714
10716
10718
10720
10721
10722
10723
10849
10851
10853
10855
10856
10857
10858
10860
10862
10864
10866
11018
11019
11021
11023
11024
11025
11027
11029
11031
11033
11184
11185
11187
11189
11190
11191
11194
11196
11198
11200
11356
11358
11360
11362
11363
11364
11365
11367
11369
11371
11534
11535
11536
11537
11538
11539
11540
11541
11543
11544
11545
11547
11548
11550
11552
11554
11710
11712
11714
11716
11717
11718
11719
11721
11723
11725
11856
11857
11858
11859
11860
11861
11862
11863
11864
11865
11868
11870
11872
11874
12035
12037
12039
12040
12042
12043
12204
12206
12208
12210
12211
12212
12215
12217
12219
12221
12380
12382
12384
12385
12386
12388
12389
12391
12393
12395
12398
12551
12553
12555
12557
12558
12559
12560
12562
12564
12566
12568
12725
12727
12729
12731
12732
12733
12735
12736
12738
12740
12742
12900
12902
12904
12906
12907
12909
12911
12913
13049
13050
13052
13054
13055
13056
13057
13059
13061
13063
13219
13221
13223
13225
13226
13227
13228
13230
13232
13390
13392
13394
13396
13397
13398
13400
13401
13403
13405
13407
13561
13562
13563
13564
13565
13566
13567
13568
13569
13571
13572
13574
13576
13578
13582
13724
13725
13727
13729
13731
13732
13734
13736
13738
13740
13742
13895
13896
13897
13898
13899
13903
14044
14046
14048
14050
14052
14053
14055
14057
14059
14061
14215
14217
14218
14219
14220
14221
14374
14375
14376
14378
14379
14380
14383
14385
14387
14389
14545
14547
14548
14551
14553
14555
14687
14689
14691
14693
14694
14695
14696
14697
14699
14701
14703
14860
14861
14862
14863
14864
14865
14866
14867
14868
14876
15035
15036
15038
15040
15041
15042
15044
15046
15048
15049
15196
15198
15199
15200
15201
15202
15203
15204
15342
15344
15346
15348
15349
15350
15351
15353
15355
15357
15359
15510
15512
15513
15515
15516
15517
15519
15521
15664
15665
15667
15668
15670
15671
15673
15675
15677
15681
15836
15838
15840
15842
15843
15844
15845
15847
15849
15851
15853
16006
16008
16010
16012
16013
16014
16017
16019
16021
16022
16023
16024
16152
16154
16156
16158
16159
16160
16161
16163
16165
16167
16169
16302
16304
16306
16308
16309
16310
16311
16312
16459
16461
16463
16464
16465
16466
16467
16469
16471
16473
16618
16620
16622
16624
16782
16784
16786
16788
16789
16790
16793
16795
16797
16799
16959
16961
16964
16965
16966
16969
16971
16973
16975
17136
17138
17140
17142
17143
17144
17147
17149
17151
17153
17306
17307
17314
17318
17465
17467
17469
17470
17471
17472
17473
17475
17477
17479
17481
17640
17642
17644
17646
17647
17648
17651
17653
17655
17657
17811
17812
17813
17814
17815
17970
17972
17974
17976
17978
17979
17981
17983
17985
17989
18143
18145
18147
18149
18150
18151
18153
18155
18157
18159
18309
18311
18312
18313
18440
18442
18444
18446
18447
18448
18449
18611
18613
18615
18617
18618
18619
18621
18622
18624
18626
18628
18785
18787
18789
18791
18792
18794
18796
18798
18800
18802
18957
18959
18961
18963
18964
18965
18966
18968
18970
18972
18974
19135
19137
19138
19139
19141
19142
19144
19146
19148
19152
19300
19302
19304
19306
19307
19308
19309
19311
19313
19315
19316
19318
19475
19638
19640
19642
19644
19645
19647
19649
19651
19653
19655
19810
19812
19814
19816
19817
19818
19819
19821
19823
19825
19827
19988
19990
19992
19994
19995
19996
19998
19999
20002
20004
20160
20161
20163
20165
20167
20168
20170
20171
20174
20176
20337
20498
20500
20502
20504
20506
20507
20509
20511
20513
20517
20646
20648
20650
20651
20652
20653
20808
20810
20812
20814
20815
20816
20819
20973
20975
20977
20979
20980
20981
20982
20984
20986
20988
21126
21128
21130
21132
21133
21134
21137
21139
21141
21143
21303
21305
21307
21308
21309
21311
21312
21453
21455
21457
21459
21460
21461
21463
21466
21468
21613
21615
21617
21618
21619
21621
21762
21764
21766
21768
21769
21770
21771
21773
21776
21778
21933
21935
21938
21939
21940
21943
21945
21947
21949
22105
22106
22107
22108
22109
22110
22121
22282
22283
22285
22286
22287
22289
22290
22292
22294
22296
22462
22463
22464
22465
22466
22467
22468
22469
22471
22472
22474
22475
22477
22479
22480
22481
22482
22483
22626
22628
22630
22632
22633
22636
22638
22640
22642
22781
22783
22784
22785
22786
22787
22788
22789
22790
22791
22969
22971
22973
22974
22975
22977
22978
22980
22982
22984
23142
23144
23146
23148
23149
23151
23153
23155
23304
23306
23308
23310
23311
23312
23313
23315
23317
23319
23321
23467
23469
23471
23473
23474
23475
23478
23480
23482
23484
23641
23643
23645
23647
23648
23649
23799
23801
23803
23805
23806
23807
23809
23811
23954
23956
23958
23960
23961
23962
23963
23965
23967
23969
23971
24123
24125
24127
24129
24130
24131
24134
24137
24295
24297
24299
24301
24303
24304
24306
24466
24468
24470
24472
24474
24476
24478
24480
24482
24625
24627
24629
24631
24632
24633
24634
24636
24638
24640
24801
24803
24805
24807
24808
24809
24812
24814
24816
24954
24955
24956
24958
24960
24961
24963
24966
24970
25128
25130
25132
25134
25135
25136
25139
25141
25143
25145
25287
25289
25291
25292
25293
25295
25296
25298
25300
25302
25306
25459
25461
25463
25465
25466
25467
25468
25470
25472
25474
25476
25633
25635
25637
25639
25640
25641
25644
25646
25648
25650
25808
25810
25812
25813
25814
25816
25817
25819
25821
25826
25983
25985
25987
25989
25990
25991
25992
25994
25996
25998
25999
26000
26129
26130
26131
26132
26133
26135
26137
26139
26143
26285
26287
26289
26290
26291
26292
26293
26295
26297
26299
26301
26453
26454
26455
26456
26457
26458
26459
26460
26461
26462
26464
26465
26467
26469
26471
26475
26628
26630
26631
26633
26634
26635
26776
26778
26780
26782
26783
26784
26785
26787
26789
26791
26793
26947
26949
26951
26953
26955
26956
26958
26960
26962
26964
26966
27098
27099
27100
27101
27102
27103
27104
27105
27109
27111
27113
27272
27274
27276
27277
27278
27280
27281
27282
27284
27286
27420
27422
27424
27426
27427
27428
27595
27597
27599
27601
27603
27604
27607
27609
27613
27768
27770
27772
27773
27774
27775
27777
27779
27781
27783
27940
27942
27944
27946
27947
27948
27949
27950
28098
28100
28101
28102
28103
28104
28105
28106
28107
28108
28109
28110
28111
28113
28115
28117
28268
28270
28271
28272
28273
28274
28275
28276
28412
28414
28416
28418
28419
28420
28421
28423
28592
28594
28596
28598
28599
28600
28602
28603
28605
28607
28609
28772
28773
28774
28775
28776
28777
28934
28936
28938
28940
28941
28942
28943
28945
28947
28949
28951
29106
29108
29110
29112
29113
29114
29116
29117
29119
29121
29271
29273
29275
29277
29278
29279
29280
29281
29406
29408
29410
29412
29413
29414
29416
29418
29420
29422
29569
29571
29573
29574
29575
29577
29578
29580
29582
29584
29588
29736
29738
29740
29742
29743
29744
29745
29747
29749
29751
29753
29913
29915
29917
29919
29920
29921
29922
29924
29927
29929
30090
30092
30094
30095
30096
30098
30099
30101
30103
30105
30257
30259
30261
30263
30264
30265
30266
30268
30270
30272
30274
30430
30431
30432
30433
30434
30435
30436
30437
30438
30570
30572
30574
30576
30578
30579
30581
30583
30585
30589
30722
30724
30726
30728
30730
30731
30733
30735
30737
30741
30897
30899
30901
30903
30904
30905
30906
30908
30910
30912
30914
31047
31049
31051
31052
31053
31056
31058
31060
31062
31222
31224
31226
31228
31230
31231
31233
31235
31237
31241
31384
31385
31386
31387
31520
31522
31524
31526
31527
31690
31692
31694
31696
31697
31698
31699
31701
31703
31705
31707
31861
31863
31865
31867
31868
31869
31871
31872
31874
31876
31878
32036
32037
32038
32039
32040
32041
32042
32043
32044
32045
32046
32047
32049
32051
32054
32205
32206
32211
32213
32215
32370
32372
32374
32376
32377
32378
32381
32382
32384
32386
32544
32546
32548
32549
32550
32552
32553
32555
32695
32697
32699
32701
32702
32703
32704
32706
32708
32710
32712
33005
33007
33009
33011
33012
33014
33016
33018
33020
33022
33176
33178
33180
33182
33183
33184
33185
33187
33189
33191
33193
33351
33352
33354
33356
33357
33358
33361
33363
33365
33367
33524
33526
33528
33530
33532
33533
33535
33537
33539
33542
33685
33687
33689
33691
33692
33693
33695
33696
33698
33700
33702
33863
33865
33867
33868
33869
33870
33871
34016
34018
34020
34022
34023
34026
34028
34030
34176
34178
34180
34181
34182
34184
34185
34187
34189
34191
34353
34355
34357
34359
34360
34362
34364
34366
34368
34370
34525
34527
34529
34531
34532
34533
34536
34538
34546
34679
34681
34683
34685
34686
34687
34688
34690
34692
34693
34824
34826
34828
34830
34831
34834
34837
34988
34990
34991
34993
34994
34996
34998
35000
35140
35142
35144
35146
35148
35316
35317
35318
35319
35320
35321
35322
35323
35325
35327
35328
35329
35331
35333
35335
35339
35489
35490
35492
35493
35494
35495
35496
35501
35503
35505
35661
35663
35665
35666
35667
35668
35676
35678
35805
35806
35807
35808
35809
35810
35811
35813
35815
35817
35819
35978
35980
35982
35985
35987
36147
36149
36151
36153
36154
36155
36156
36158
36160
36162
36164
36306
36308
36310
36312
36314
36315
36317
36319
36321
36325
36478
36479
36628
36630
36632
36634
36636
36637
36639
36641
36643
36647
36801
36803
36805
36807
36809
36810
36812
36814
36816
36817
36818
36819
36949
36951
36953
36955
36956
36957
36958
36960
36962
36964
37118
37120
37121
37123
37125
37126
37128
37130
37132
37136
37277
37279
37281
37283
37285
37286
37288
37290
37292
37296
37453
37455
37457
37459
37461
37462
37464
37466
37468
37472
37619
37621
37623
37625
37626
37627
37629
37631
37633
37637
37789
37791
37793
37795
37796
37797
37798
37800
37802
37804
37948
37949
37950
37951
37952
38111
38113
38115
38117
38118
38119
38121
38122
38287
38289
38291
38293
38294
38296
38298
38300
38302
38304
38456
38458
38460
38462
38463
38464
38465
38467
38619
38621
38623
38625
38626
38627
38631
38633
38635
38786
38787
38788
38951
38952
38953
38954
38955
38958
38960
38964
39108
39109
39110
39111
39112
39113
39114
39115
39254
39255
39256
39257
39258
39259
39260
39261
39262
39263
39264
39266
39268
39270
39271
39423
39425
39427
39429
39430
39431
39433
39434
39596
39598
39600
39602
39603
39604
39606
39607
39609
39611
39613
39757
39759
39761
39763
39764
39765
39767
39769
39770
39772
39932
39934
39935
39936
39937
39938
40088
40089
40090
40091
40092
40094
40096
40098
40100
40102
40104
40106
40239
40241
40243
40245
40246
40247
40403
40405
40407
40409
40410
40411
40412
40414
40416
40418
40420
40578
40580
40582
40584
40585
40588
40590
40592
40594
40750
40752
40754
40756
40758
40759
40761
40763
40765
40769
40913
40914
40915
40916
40917
40918
40919
40920
40921
40923
40924
40926
40928
40930
40932
40934
41088
41090
41092
41094
41095
41096
41097
41099
41101
41103
41258
41259
41260
41261
41262
41263
41264
41265
41400
41402
41404
41405
41406
41408
41409
41411
41413
41415
41419
41620
41622
41624
41626
41627
41628
41631
41633
41635
41637
41789
41791
41793
41795
41796
41797
41800
41802
41804
41806
41968
41970
41972
41974
41975
41976
41977
41979
41981
41984
42136
42138
42139
42140
42141
42143
42144
42146
42148
42292
42293
42294
42295
42296
42297
42298
42299
42300
42301
42303
42305
42307
42435
42437
42439
42440
42441
42442
42444
42603
42605
42607
42609
42610
42612
42614
42617
42775
42777
42779
42781
42782
42783
42785
42787
42789
42791
42954
42956
42958
42960
42961
42962
42963
42965
42967
42969
42971
43121
43123
43125
43127
43128
43129
43132
43134
43136
43138
43295
43297
43299
43301
43302
43303
43305
43306
43308
43310
43312
43470
43471
43472
43473
43474
43475
43476
43477
43478
43479
43618
43620
43622
43624
43625
43626
43629
43631
43633
43635
43772
43773
43774
43775
43777
43778
43779
43781
43782
43784
43786
43788
43935
43937
43939
43941
43942
43943
43945
43946
43948
43950
43952
44115
44117
44119
44121
44122
44123
44124
44271
44273
44275
44276
44277
44278
44280
44282
44284
44285
44286
44287
44434
44574
44575
44577
44578
44579
44581
44582
44584
44586
44588
44591
44743
44745
44747
44749
44750
44752
44754
44756
44758
44760
44916
44918
44920
44922
44923
45077
45079
45081
45083
45084
45085
45087
45088
45090
45092
45094
45237
45238
45239
45240
45241
45242
45243
45244
45245
45247
45249
45250
45252
45254
45256
45260
45414
45416
45418
45420
45421
45422
45423
45425
45427
45429
45431
45570
45572
45574
45576
45577
45578
45579
45581
45710
45712
45714
45716
45718
45719
45721
45723
45725
45729
45886
45888
45889
45890
45891
46054
46056
46058
46059
46060
46061
46062
46063
46219
46221
46223
46225
46226
46227
46230
46232
46234
46236
46396
46398
46400
46401
46402
46403
46405
46407
46409
46411
46564
46566
46568
46570
46571
46572
46574
46576
46578
46582
46716
46717
46718
46719
46720
46721
46724
46726
46728
46730
46885
46887
46889
46891
46892
46893
46896
46898
46900
47024
47026
47028
47030
47031
47032
47034
47035
47037
47039
47041
47202
47203
47204
47205
47206
47207
47208
47210
47212
47214
47215
47217
47218
47220
47224
47386
47387
47388
47389
47390
47391
47399
47552
47554
47556
47558
47559
47560
47561
47563
47565
47567
47569
47725
47726
47727
47728
47729
47730
47731
47732
47733
47734
47736
47738
47740
47884
47886
47888
47890
47891
47892
47893
47895
47897
47899
47901
48053
48055
48057
48059
48060
48061
48064
48066
48068
48070
48228
48230
48232
48234
48235
48236
48405
48407
48409
48411
48413
48415
48417
48419
48423
48577
48580
48582
48583
48584
48585
48587
48589
48738
48740
48742
48744
48745
48746
48748
48750
48752
48754
48903
48905
48906
48907
48908
49063
49064
49065
49066
49067
49068
49069
49070
49071
49072
49074
49075
49077
49079
49081
49231
49232
49233
49234
49235
49236
49238
49239
49241
49243
49245
49247
49249
49408
49410
49412
49414
49415
49416
49417
49419
49421
49423
49425
49585
49587
49589
49591
49592
49593
49596
49598
49600
49602
49765
49766
49767
49768
49769
49770
49771
49772
49779
49936
49937
49938
49939
49940
49941
49942
50094
50095
50096
50097
50098
50099
50100
50101
50102
50103
50104
50106
50108
50110
50112
50264
50266
50268
50269
50270
50434
50436
50438
50440
50442
50443
50445
50447
50449
50453
50615
50771
50772
50774
50776
50777
50778
50779
50781
50783
50785
50787
50944
50946
50948
50950
50951
50952
50953
50954
50956
50958
50959
50960
50961
51084
51085
51086
51087
51088
51091
51093
51095
51097
51234
51236
51238
51240
51241
51242
51244
51245
51247
51249
51251
51411
51413
51415
51417
51419
51420
51422
51424
51426
51430
51590
51592
51594
51596
51597
51600
51602
51604
51613
51772
51774
51776
51778
51779
51780
51781
51783
51785
51787
51789
51946
51948
51950
52100
52102
52104
52106
52107
52108
52109
52111
52113
52115
52271
52272
52273
52274
52275
52276
52277
52278
52418
52570
52572
52574
52576
52577
52578
52579
52581
52583
52585
52587
52739
52741
52743
52745
52746
52747
52748
52750
52752
52754
52756
52911
52913
52915
52917
52918
52919
52921
52922
52924
52926
52928
53087
53088
53090
53092
53093
53095
53098
53246
53247
53248
53249
53250
53251
53252
53255
53257
53259
53261
53397
53399
53401
53403
53405
53407
53409
53411
53413
53568
53570
53572
53574
53575
53576
53577
53579
53581
53738
53740
53742
53744
53745
53746
53748
53749
53751
53753
53755
53910
53912
53914
53916
53917
53918
53919
53921
53923
53925
54079
54081
54083
54085
54086
54087
54089
54090
54092
54094
54096
54254
54256
54258
54260
54261
54263
54270
54274
54422
54423
54424
54425
54426
54427
54428
54429
54430
54569
54571
54573
54575
54576
54577
54578
54580
54582
54584
54586
54720
54722
54724
54726
54727
54728
54729
54731
54733
54735
54737
54898
55057
55059
55061
55063
55064
55065
55067
55069
55071
55073
55232
55234
55236
55237
55239
55240
55242
55244
55248
55400
55402
55404
55406
55407
55408
55411
55417
55545
55547
55549
55550
55551
55553
55554
55556
55558
55560
55717
55719
55721
55723
55724
55725
55726
55859
55860
55862
55864
55865
55866
55868
55869
55871
55873
55875
56020
56021
56022
56023
56024
56025
56026
56027
56028
56029
56030
56031
56033
56035
56037
56039
56197
56199
56201
56203
56204
56205
56208
56210
56212
56214
56367
56369
56371
56372
56373
56376
56379
56381
56533
56535
56537
56539
56540
56541
56542
56544
56546
56675
56677
56679
56680
56681
56683
56684
56686
56688
56690
56694
56846
56848
56850
56852
56853
56854
56855
56857
56859
56861
56863
57018
57020
57022
57024
57025
57026
57027
57029
57031
57033
57035
57181
57183
57184
57186
57187
57188
57189
57191
57193
57195
57197
57348
57350
57351
57352
57353
57354
57355
57356
57357
57524
57525
57527
57529
57530
57531
57532
57534
57536
57538
57540
57680
57682
57683
57684
57685
57686
57687
57688
57689
57846
57848
57850
57851
57852
57854
57855
57857
57859
57861
57865
58020
58021
58023
58025
58026
58027
58028
58030
58032
58034
58036
58192
58194
58196
58198
58199
58200
58203
58205
58207
58209
58355
58356
58357
58358
58359
58360
58361
58362
58363
58364
58365
58368
58370
58372
58374
58533
58535
58537
58538
58539
58541
58542
58544
58546
58548
58552
58703
58705
58707
58709
58710
58711
58712
58714
58716
58717
58718
58842
58844
58846
58848
58849
58850
58851
58853
58855
58856
59019
59020
59022
59024
59025
59026
59027
59029
59032
59181
59182
59183
59184
59185
59187
59190
59192
59340
59342
59344
59345
59346
59348
59349
59351
59353
59355
59359
59508
59510
59512
59514
59515
59516
59517
59519
59521
59523
59525
59685
59686
59687
59688
59689
59694
59840
59842
59844
59846
59848
59849
59851
59853
59855
59859
60015
60017
60019
60021
60022
60023
60026
60028
60030
60032
60192
60194
60196
60198
60199
60201
60203
60205
60207
60365
60367
60369
60371
60372
60373
60374
60376
60378
60380
60382
60542
60544
60546
60548
60549
60550
60551
60553
60555
60557
60559
60713
60715
60717
60719
60720
60721
60724
60726
60873
60875
60877
60878
60879
60881
60882
60884
60886
60888
60889
60890
60891
61023
61025
61027
61029
61030
61031
61034
61036
61038
61040
61196
61197
61198
61199
61200
61204
61208
61360
61362
61364
61366
61367
61368
61369
61371
61374
61527
61529
61531
61533
61534
61535
61538
61540
61542
61704
61706
61708
61710
61711
61712
61713
61715
61717
61864
61866
61868
61870
61871
61872
61873
61874
61876
61878
61880
62026
62027
62028
62029
62031
62032
62034
62036
62038
62042
62192
62193
62198
62200
62202
62356
62358
62360
62362
62363
62364
62367
62369
62371
62373
62533
62535
62537
62538
62539
62540
62541
62542
62543
62545
62546
62548
62550
62714
62716
62718
62720
62721
62722
62723
62725
62727
62729
62731
62884
62886
62888
62890
62891
62892
62893
62894
62896
62898
62900
63055
63057
63058
63059
63060
63061
63062
63063
63064
63065
63066
63069
63070
63072
63217
63219
63220
63221
63222
63223
63224
63225
63226
63356
63507
63509
63511
63513
63514
63515
63517
63518
63520
63523
63682
63684
63686
63688
63689
63691
63693
63695
63697
63699
