16
200
204
211
383
387
395
528
532
540
710
714
721
1062
1066
1074
1232
1236
1240
1244
1393
1397
1404
1547
1551
1555
1558
1720
1724
1727
1731
1899
1903
1907
1911
2090
2094
2102
2253
2257
2263
2438
2439
2440
2445
2449
2613
2615
2617
2622
2626
2796
2798
2800
2805
2809
2948
2950
2952
2957
2961
3132
3134
3136
3141
3145
3313
3315
3317
3322
3326
3479
3481
3483
3488
3492
3654
3656
3658
3663
3667
3853
3855
3860
3868
4014
4016
4018
4023
4027
4185
4187
4189
4194
4198
4368
4370
4372
4377
4380
4545
4547
4549
4554
4558
4710
4712
4898
4900
4902
4907
4911
5073
5075
5077
5082
5086
5218
5220
5222
5227
5231
5405
5407
5409
5414
5418
5578
5580
5582
5587
5591
5769
5771
5773
5778
5781
5940
5942
5944
5949
5953
6135
6137
6139
6144
6148
6293
6295
6297
6302
6306
6486
6488
6490
6495
6499
6675
6677
6679
6684
6687
6859
6861
6863
6868
6871
7040
7042
7044
7225
7227
7229
7234
7237
7403
7405
7407
7412
7416
7555
7557
7559
7564
7568
7912
7914
7921
7925
8092
8094
8096
8101
8105
8450
8452
8454
8459
8467
8616
8618
8620
8625
8633
8809
8811
8813
8818
8822
9000
9002
9008
9012
9189
9191
9193
9198
9202
9356
9358
9360
9365
9369
9540
9542
9544
9549
9551
9711
9713
9720
9724
9876
9878
9880
9885
9889
10055
10057
10059
10064
10072
10246
10248
10250
10255
10259
10427
10429
10431
10435
10438
10589
10591
10593
10598
10601
10754
10756
10758
10763
10767
10935
10937
10939
10944
10948
11106
11108
11110
11115
11119
11296
11298
11300
11304
11308
11462
11464
11466
11471
11475
11643
11645
11820
11822
11824
11829
11833
12008
12010
12017
12021
12174
12176
12183
12187
12339
12341
12343
12347
12350
12524
12526
12528
12533
12537
12684
12687
12692
12852
12854
12861
12865
13029
13038
13042
13215
13224
13228
13412
13421
13425
13582
13591
13594
13762
13769
13777
13955
13964
13967
14121
14130
14134
14304
14312
14316
14485
14494
14497
14633
14642
14646
14822
14831
14835
14992
15001
15005
15153
15162
15166
15336
15345
15349
15509
15518
15522
15678
15687
15691
15866
15875
15879
16065
16074
16078
16248
16250
16257
16264
16433
16435
16442
16446
16449
16620
16628
16632
16794
16801
16809
16940
16948
16952
17123
17132
17289
17291
17298
17468
17470
17477
17485
17633
17634
17640
17644
17647
17795
17804
17808
17957
17959
17966
17969
17973
18145
18147
18154
18158
18308
18310
18317
18321
18325
18484
18487
18491
18661
18665
18672
18843
18847
18855
19025
19029
19033
19037
19183
19186
19190
19194
19358
19362
19366
19539
19543
19547
19551
19715
19719
19723
19727
19897
19901
19906
20069
20073
20076
20080
20237
20241
20248
20417
20421
20425
20429
20597
20601
20605
20609
20771
20775
20783
20956
20960
20964
20967
21139
21142
21150
21309
21313
21317
21321
21463
21467
21471
21475
21791
21795
21799
21803
21968
21972
21980
22139
22143
22147
22289
22293
22297
22301
22464
22468
22472
22476
22629
22633
22637
22767
22771
22779
22946
22950
22954
22957
23133
23137
23145
23323
23327
23331
23335
23509
23513
23521
23670
23845
23849
23853
23857
24025
24029
24033
24036
24202
24206
24210
24214
24368
24372
24376
24380
24553
24557
24561
24565
24721
24725
24733
24906
24910
24918
25081
25085
25089
25093
25265
25269
25273
25277
25453
25456
25460
25464
25635
25639
25645
25820
25824
25832
25971
25975
25979
25983
26117
26121
26125
26129
26296
26460
26464
26468
26470
26637
26641
26645
26790
26794
26798
26802
26969
26973
26977
26981
27136
27140
27148
27297
27301
27305
27309
27487
27491
27495
27674
27678
27682
27685
27855
27859
27863
28041
28045
28052
28219
28223
28231
28373
28377
28381
28549
28553
28556
28560
28737
28741
28745
28749
28912
29095
29099
29103
29106
29254
29258
29265
29428
29432
29436
29439
29606
29610
29613
29617
29789
29793
29800
29959
29963
29967
29971
30139
30143
30146
30150
30333
30337
30341
30345
30508
30512
30516
30520
30648
30651
30655
30659
30833
30837
30841
31007
31011
31015
31188
31192
31196
31200
31357
31361
31365
31369
31545
31549
31553
31557
31705
31709
31717
31886
31890
31894
31898
32253
32257
32265
32442
32446
32449
32453
32624
32628
32632
32636
32813
32817
32821
32969
32973
32977
32981
33148
33152
33313
33317
33321
33325
33507
33511
33515
33519
33689
33693
33697
33701
33866
33870
33874
33878
34032
34043
34205
34212
34216
34393
34397
34401
34405
34583
34587
34595
34764
34768
34772
34937
34941
34945
34949
35106
35110
35114
35118
35267
35271
35275
35442
35446
35450
35454
35608
35612
35616
35793
35797
35801
35805
35960
35964
35968
35972
36147
36151
36155
36159
36325
36329
36333
36337
36481
36485
36489
36493
36644
36648
36656
36831
36835
36839
36843
37021
37025
37029
37033
37207
37211
37215
37403
37407
37411
37415
37567
37571
37575
37750
37754
37758
37912
37916
37920
37924
38089
38093
38097
38101
38266
38274
38435
38439
38443
38447
38584
38588
38592
38596
38762
38766
38774
38948
38952
39126
39130
39133
39137
39303
39306
39310
39314
39487
39491
39499
39675
39679
39683
39687
39865
39869
39873
39877
40017
40021
40025
40202
40206
40210
40214
40379
40383
40387
40553
40557
40565
40727
40731
40735
40739
40919
41053
41057
41061
41065
41245
41249
41253
41257
41433
41440
41444
41618
41622
41629
41791
41795
41799
41803
41979
41983
41989
42157
42161
42165
42169
42310
42314
42322
42484
42488
42492
42654
42658
42662
42831
42835
42839
42843
43004
43008
43012
43182
43186
43190
43194
43351
43355
43359
43363
43535
43539
43543
43547
43701
43705
43713
43889
43893
43900
44071
44075
44083
44258
44262
44270
44422
44426
44434
44589
44593
44597
44768
44772
44776
44945
44949
44953
44957
45128
45132
45136
45140
45313
45317
45449
45453
45456
45460
45628
45780
45784
45788
45792
45966
45970
45977
46151
46154
46158
46162
46321
46491
46495
46499
46676
46680
46684
46688
46836
46840
46844
46848
47022
47026
47030
47034
47206
47210
47214
47218
47392
47396
47400
47404
47568
47572
47576
47751
47755
47759
47763
47921
47925
47929
47933
48090
48094
48098
48275
48279
48283
48450
48454
48458
48462
48624
48628
48632
48636
48805
48809
48817
48987
48991
48995
48999
49113
49117
49121
49125
49295
49305
49479
49483
49487
49491
49651
49655
49659
49663
49842
49846
49849
49853
50039
50043
50195
50199
50203
50207
50385
50389
50393
50397
50586
50590
50597
50764
50768
50776
50932
50936
50944
51120
51124
51293
51297
51305
51480
51484
51488
51492
51632
51636
51638
51641
51818
51822
51826
51830
51991
51995
52002
52167
52171
52175
52179
52341
52345
52349
52353
52508
52512
52516
52519
52663
52667
52671
52675
52834
52838
52842
52846
53032
53035
53038
53214
53218
53222
53226
53400
53403
53407
53555
53559
53563
53733
53737
53741
53878
53882
53886
53890
54064
54067
54071
54074
54242
54245
54248
54252
54412
54416
54420
54424
54599
54603
54611
54789
54793
54796
54930
54933
54937
54941
55115
55119
55123
55127
55305
55309
55313
55317
55497
55501
55505
55509
55657
55661
55668
55833
55837
55841
55845
56010
56014
56018
56022
56170
56174
56182
56344
56348
56352
56356
56514
56518
56522
56526
56698
56702
56706
56710
56881
56885
56889
56892
57078
57082
57086
57089
57248
57252
57446
57450
57458
57629
57633
57637
57641
57814
57817
57821
57824
57983
57987
57991
57995
58165
58169
58173
58177
58330
58334
58338
58342
58492
58496
58504
58676
58680
58684
58688
58867
58871
58879
59035
59039
59043
59046
59225
59229
59392
59396
59400
59404
59560
59564
59568
59572
59725
59729
59733
59736
59904
59908
59912
59916
60087
60091
60095
60099
60266
60270
60274
60278
60450
60454
60458
60462
60620
60624
60627
60631
60789
60793
60797
60962
60966
60970
60974
61140
61144
61148
61152
61327
61331
61335
61339
61531
61535
61539
61543
61722
61726
61734
61896
61900
61904
61908
62075
62079
62227
62231
62235
62238
62409
62413
62416
62420
62597
62601
62605
62608
62785
62789
62793
62797
62952
62956
62960
62964
63127
63131
63135
63139
63283
63286
63290
63294
63458
63462
63466
63644
63648
63652
63656
63828
63832
63836
63840
64017
64021
64028
64197
64201
64205
64209
64340
64344
64352
64530
64537
64541
64720
64724
64728
64732
64895
64899
64903
64907
65078
65082
65086
65090
65259
65263
65267
65271
65450
65454
65458
65462
