18
172
175
505
509
513
848
852
856
1024
1026
1029
1180
1183
1186
1343
1347
1351
1517
1521
1525
1676
1680
1684
2220
2223
2558
2716
2719
2723
3076
3079
3253
3256
3259
3408
3412
3415
3577
3579
3583
3742
3919
3923
3926
3930
4107
4111
4114
4268
4272
4275
4421
4425
4429
4571
4574
4737
5082
5086
5090
5249
5253
5256
5404
5407
5409
5579
5581
5719
5722
5726
5881
5885
6041
6044
6047
6213
6217
6220
6380
6384
6388
6555
6558
6562
6704
6707
6709
6852
6856
6859
7031
7035
7212
7216
7220
7369
7373
7376
7546
7549
7551
7695
7697
7700
7855
7858
8016
8020
8024
8194
8198
8200
8371
8375
8377
8560
8563
8566
8733
8735
8739
8889
8892
9038
9042
9046
9220
9223
9390
9393
9396
9550
9554
9557
9738
9895
9897
9900
10051
10055
10222
10226
10363
10366
10369
10732
10895
10898
11058
11062
11065
11221
11225
11228
11387
11391
11395
11562
11566
11569
11728
11732
11735
11888
11891
11894
12062
12065
12068
12211
12214
12217
12381
12385
12388
12522
12526
12530
12701
12705
12708
12873
12876
13208
13212
13216
13349
13352
13518
13522
13524
13865
13869
13872
14041
14045
14048
14215
14219
14222
14375
14378
14381
14540
14543
14547
14689
14692
14871
15047
15050
15054
15392
15396
15400
15547
15550
15918
15922
16094
16096
16099
16280
16284
16286
16462
16466
16468
16621
16624
16627
16780
16784
16788
16945
16948
16952
17111
17115
17288
17291
17295
17470
17474
17476
17942
17946
18126
18130
18312
18314
18488
18492
18496
18673
18677
18680
19006
19009
19013
19178
19182
19185
19349
19518
19521
19525
19685
19688
19691
19859
19863
19867
20041
20043
20046
20160
20163
20166
20336
20340
20344
20516
20520
20690
20693
20697
20848
20850
20853
21032
21035
21039
21175
21178
21343
21347
21350
21521
21525
22216
22219
22223
22357
22531
22535
22682
22686
22690
22864
22867
23036
23039
23043
23214
23217
23220
23384
23387
23391
23567
23570
23574
23720
23723
23910
23914
23918
24088
24262
24266
24270
24604
24750
24754
24757
24928
24932
25114
25117
25284
25289
25451
25453
25457
25606
25609
25613
25770
25774
25778
25933
26098
26265
26269
26272
26593
26596
26747
26750
26753
26931
26935
26938
27107
27111
27286
27289
27293
27450
27452
27635
27639
27643
27792
27795
27797
27959
27961
27965
28114
28118
28122
28773
28932
28936
28939
29089
29093
29095
29263
29267
29783
29786
29790
29961
29965
29969
30106
30109
30112
30274
30644
30648
30652
30812
30816
30818
30972
30976
30978
31144
31146
31150
31478
31482
31485
31654
31657
31661
31842
31845
31848
32027
32031
32034
32202
32205
32208
32352
32355
32514
32518
32522
32706
32709
32879
32883
33068
33219
33223
33226
33407
33411
33550
33727
33731
33734
33897
33901
33905
34086
34090
34092
34265
34268
34271
34424
34427
34430
34584
34586
34590
34753
34756
34760
34935
34938
35111
35115
35119
35254
35258
35262
35428
35431
35435
35757
35761
35764
35930
35933
35937
36101
36105
36109
36282
36286
36289
36456
36458
36461
36617
36619
36622
36758
36762
36766
36906
36909
36913
37068
37072
37239
37243
37247
37421
37425
37428
37580
37583
37586
37761
37764
37903
37905
37909
38089
38265
38268
38271
38625
38629
38633
38805
38808
38812
38947
38950
38954
39289
39293
39648
39652
39656
39831
39834
39838
40004
40167
40170
40174
40320
40323
40327
40497
40500
40504
40654
40657
40661
40828
40831
40835
41171
41174
41318
41321
41324
41480
41484
41487
41658
41662
41666
41822
41826
41830
42007
42011
42014
42357
42360
42512
42516
42519
42692
42871
42874
43045
43048
43051
43212
43215
43219
43375
43378
43382
43553
43556
43721
43724
43727
43904
43908
43911
44077
44081
44084
44429
44433
44436
44583
44585
44589
44742
44916
44920
44923
45083
45086
45090
45264
45268
45440
45444
45447
45600
45604
45752
45754
45758
45919
45922
45926
46062
46240
46244
46248
46427
46433
46613
46619
46771
46775
46923
46926
46929
47102
47106
47110
47266
47269
47437
47441
47445
47619
47622
47626
47795
47798
47802
47951
47954
48125
48128
48131
48270
48274
48277
48452
48456
48624
48628
48631
48779
48783
48787
48957
48960
48964
49128
49283
49286
49289
49453
49456
49460
49622
49624
49627
49803
49805
49967
49969
49973
50130
50132
50136
50298
50302
50306
50442
50446
50609
50612
50615
50774
50778
50782
50938
50941
50945
51112
51255
51258
51262
51421
51424
51586
51590
51762
51765
51769
51937
51939
52098
52101
52105
52273
52275
52278
52450
52453
52457
52605
52608
52612
52774
52777
52780
52936
52940
53112
53116
53298
53448
53452
53456
53596
53600
53776
53779
53961
53965
53968
54126
54130
54134
54298
54300
54302
54479
54483
54626
54629
54632
54801
54804
54965
54969
54972
55169
55340
55343
55347
55522
55526
55704
55707
55711
55845
55848
55852
56021
56025
56029
56205
56209
56374
56377
56674
56677
56818
56822
56989
56993
56996
57179
57352
57520
57524
57527
57678
57682
57850
57853
57856
57983
57987
57990
58158
58161
58165
58331
58334
