142
146
506
510
514
692
696
874
878
882
1059
1063
1067
1238
1240
1242
1426
1429
1585
1589
1593
1764
1766
1921
1924
1928
2107
2111
2115
2297
2300
2303
2466
2470
2474
2838
2842
2846
3161
3165
3169
3344
3348
3352
3528
3532
3536
3694
3697
3701
3868
3872
3876
4047
4223
4411
4415
4419
4578
4581
4585
4762
4766
4770
5135
5139
5143
5461
5465
5469
5626
5629
5631
5814
5818
5822
5992
5996
6163
6165
6531
6534
6537
6722
6726
6919
6922
7109
7112
7116
7267
7420
7424
7427
7607
7611
7615
7790
7793
7797
7972
7976
7980
8162
8166
8169
8329
8333
8501
8503
8654
8833
8837
8841
9023
9030
9189
9191
9195
9367
9371
9536
9540
9544
9868
9872
9876
10052
10056
10060
10229
10233
10237
10396
10400
10403
10579
10583
10587
10765
10767
10926
10929
11107
11110
11300
11304
11483
11487
11491
11665
11667
11671
11823
11827
11831
12148
12152
12156
12329
12333
12337
12504
12508
12512
12687
12691
12695
12872
12876
13049
13053
13056
13212
13216
13219
13391
13394
13398
13560
13564
13743
13747
13923
13925
13928
14084
14088
14091
14426
14430
14434
14592
14596
14600
14771
14775
14779
14950
14953
14957
15132
15135
15138
15453
15456
15459
15804
15808
15812
15990
15994
15998
16183
16187
16191
16343
16346
16349
16687
16689
16691
16693
16695
16861
16865
16869
17194
17198
17202
17376
17380
17382
17558
17561
17565
17728
17734
17916
18249
18253
18427
18431
18435
18629
18807
18993
18997
19001
19307
19311
19474
19478
19482
19650
19651
19655
19844
19848
20014
20015
20170
20174
20178
20357
20364
20547
20551
20714
20718
20722
20903
20906
20910
21063
21414
21417
21601
21605
21764
21768
21772
21960
22143
22147
22151
22327
22329
22331
22470
22474
22478
22646
22649
22812
22816
22996
23000
23163
23166
23170
23670
23674
23678
23843
23847
23851
24025
24028
24199
24203
24206
24384
24388
24391
24559
24562
24565
24709
24710
24714
24886
25061
25065
25069
25249
25253
25257
25431
25435
25439
25606
25610
25613
25964
25968
26146
26150
26154
26301
26305
26478
26482
26486
26660
26664
26842
26845
26849
26996
27000
27004
27359
27363
27367
27555
27559
27563
27729
27733
27737
27898
27902
27905
28262
28264
28266
28268
28270
28272
28455
28459
28463
28631
28635
28639
28816
28820
28824
28989
28992
28995
29180
29183
29344
29347
29351
29525
29703
29877
29881
29885
30050
30054
30058
30244
30247
30419
30594
30597
30600
30761
30765
30769
30950
30954
30958
31132
31136
31140
31318
31322
31326
31508
31511
31515
31661
31663
32020
32024
32028
32192
32196
32199
32380
32384
32388
32571
32575
32579
32763
33096
33100
33104
33280
33284
33288
33479
33483
33487
33663
33667
33671
33852
33856
33860
34046
34048
34197
34201
34380
34384
34388
34556
34560
34564
34756
34760
34764
34946
34950
34954
35462
35466
35470
35635
35639
35643
35812
35815
35819
35998
36001
36005
36177
36181
36183
36359
36361
36364
36510
36514
36685
36689
36854
36858
37044
37048
37052
37225
37229
37233
37400
37404
37408
37754
37757
37761
37920
37923
37927
38103
38107
38295
38299
38303
38470
38474
38636
38638
38807
38811
38990
39164
39168
39172
39333
39339
39512
39516
39673
39677
39681
40040
40044
40048
40225
40229
40233
40393
40399
40586
40590
40594
40766
40769
40773
40949
40953
40957
41116
41120
41124
41475
41482
41666
41670
41674
41837
41841
41845
42005
42367
42369
42371
42534
42537
42714
42718
42722
42898
42901
42905
43070
43073
43251
43254
43257
43442
43444
43447
43787
44167
44337
44341
44707
44711
44897
44901
44905
45085
45089
45093
45249
45252
45254
45429
45433
45437
45620
45623
45627
45796
45799
45802
45945
45948
46125
46132
46315
46319
46487
46491
46495
46674
46676
46680
46854
47212
47216
47220
47396
47400
47556
47560
47564
47744
47747
47751
47921
47924
47926
48100
48103
48245
48609
48613
48617
48785
48789
48951
48955
48959
49464
49467
49471
49649
49652
49656
49830
49834
49838
50000
50004
50008
50182
50186
50190
50368
50370
50374
50524
50528
50532
50707
50711
50895
50899
51089
51093
51097
51262
51266
51270
51799
51803
51807
51971
51975
51979
52151
52157
52324
52327
52472
52476
52665
52668
53162
53166
53358
53362
53366
53529
53533
53537
53711
53715
53719
54073
54077
54269
54273
54277
54458
54462
54466
54640
54644
54648
54821
54825
54828
54994
54998
55002
55165
55169
55521
55702
55708
55893
55897
55901
56072
56076
56080
56435
56439
56817
56967
56971
56975
57151
57155
57158
57343
57347
57515
57519
57521
57675
57679
57852
57859
58035
58039
58224
58228
58232
58398
58402
58406
58582
58586
58590
58931
58935
58939
59098
59102
59105
59289
59293
59297
59468
59472
59476
59652
59655
59832
59836
59840
60017
60021
60025
60192
60196
60200
60375
60382
60566
60570
60574
60901
60905
61233
61236
61239
61403
61407
61411
61586
61590
61594
61757
61761
61765
61943
61947
62121
62123
62270
62274
62278
62643
62647
62807
62811
62815
62991
62992
63174
63178
63182
63513
63517
63521
63702
63706
63710
63884
63888
63892
64073
64077
64081
64262
64266
64577
64581
64583
64919
64926
65105
65109
65113
65296
65300
65304
65488
65495
65832
65836
65993
66167
66171
66175
66356
66360
66364
66543
66546
66550
66710
66714
66717
66869
66872
66874
67050
67229
67404
67595
67598
67602
67752
67754
67758
68084
68086
68088
68090
