22
24
26
28
30
33
37
210
212
213
214
215
216
217
218
219
220
221
385
387
389
391
394
398
567
569
571
573
575
578
582
586
757
759
761
763
765
767
771
934
936
938
940
942
945
949
953
1099
1101
1103
1105
1107
1110
1114
1118
1235
1237
1239
1241
1243
1244
1248
1252
1417
1419
1421
1423
1425
1428
1432
1605
1607
1609
1611
1613
1616
1620
1624
1791
1793
1795
1797
1801
1808
1971
1973
1976
1978
1979
1980
1983
1987
2142
2144
2146
2148
2150
2153
2157
2322
2324
2326
2328
2330
2331
2335
2339
2484
2486
2488
2490
2492
2495
2499
2663
2664
2665
2666
2667
2668
2669
2670
2671
2672
2673
2674
2858
2860
2862
2864
2866
2869
2872
2876
3015
3017
3019
3021
3025
3029
3200
3202
3204
3205
3207
3210
3214
3218
3375
3377
3379
3380
3382
3384
3554
3556
3558
3561
3563
3718
3720
3722
3724
3726
3729
3882
3884
3886
3888
3890
3893
3897
3901
4070
4072
4074
4076
4078
4081
4085
4256
4258
4260
4262
4264
4267
4440
4442
4444
4446
4448
4452
4613
4615
4617
4619
4621
4622
4626
4630
4786
4788
4790
4792
4794
4797
4801
4805
4970
4972
4974
4976
4979
4983
5153
5155
5157
5159
5161
5162
5163
5166
5170
5338
5340
5341
5343
5345
5346
5504
5506
5508
5510
5512
5515
5519
5522
5675
5677
5678
5679
5680
5681
5682
5683
5684
5836
5838
5840
5841
5843
5844
5845
5848
5852
6023
6025
6027
6029
6031
6032
6035
6039
6205
6207
6209
6211
6213
6216
6220
6223
6361
6364
6366
6368
6369
6370
6372
6376
6542
6544
6545
6547
6550
6554
6718
6720
6722
6724
6725
6729
6902
6904
6906
6908
6910
6911
6915
6919
7071
7073
7075
7077
7079
7082
7086
7259
7261
7263
7265
7267
7270
7273
7447
7449
7451
7453
7454
7457
7461
7631
7633
7635
7637
7638
7639
7642
7646
7813
7815
7816
7818
7820
7823
7827
8006
8008
8010
8012
8014
8017
8021
8158
8160
8162
8163
8164
8165
8166
8167
8168
8169
8351
8355
8357
8360
8364
8533
8535
8537
8540
8543
8547
8707
8709
8711
8716
8723
8870
8872
8874
8876
8878
8881
8885
8889
9040
9043
9044
9045
9046
9225
9227
9228
9229
9230
9231
9232
9233
9399
9401
9403
9405
9408
9557
9559
9561
9563
9564
9565
9566
9741
9742
9743
9744
9745
9746
9747
9748
9749
9750
9751
9752
9764
9928
9930
9931
9933
9935
10114
10116
10118
10120
10122
10123
10127
10131
10303
10305
10307
10309
10311
10313
10316
10319
10500
10503
10505
10506
10507
10508
10648
10650
10652
10654
10656
10659
10839
10841
10843
10845
10847
10849
10852
10856
11030
11032
11034
11036
11038
11041
11045
11217
11219
11221
11223
11224
11225
11229
11233
11384
11385
11386
11553
11555
11557
11559
11561
11564
11568
11712
11714
11716
11861
11863
11865
11866
11867
11868
11869
11870
12048
12050
12052
12054
12056
12058
12246
12248
12250
12252
12254
12449
12451
12453
12455
12458
12462
12632
12634
12636
12638
12640
12828
12830
12832
12834
12835
12836
12837
13002
13004
13006
13008
13010
13012
13166
13168
13170
13172
13174
13177
13181
13185
13358
13360
13362
13364
13366
13368
13371
13375
13545
13547
13549
13551
13553
13557
13561
13724
13726
13728
13730
13732
13733
13737
13741
13914
13916
13918
13920
13922
13925
13929
13933
14098
14100
14102
14104
14106
14107
14108
14266
14268
14270
14272
14274
14277
14281
14285
14616
14618
14620
14622
14624
14625
14629
14798
14800
14802
14804
14808
14812
14816
14976
14978
14980
14982
14984
14986
14989
15168
15170
15172
15174
15176
15179
15183
15322
15324
15326
15328
15330
15331
15335
15512
15514
15516
15518
15520
15523
15527
15713
15715
15717
15719
15721
15722
15725
15896
15898
15900
15902
15904
15907
15911
16065
16067
16069
16071
16073
16076
16080
16258
16260
16261
16263
16265
16270
16274
16420
16422
16424
16426
16428
16429
16433
16436
16582
16584
16585
16587
16589
16592
16596
16600
16770
16772
16774
16776
16778
16781
16962
16964
16966
16968
16970
16973
16977
17155
17157
17159
17161
17163
17166
17170
17336
17338
17340
17342
17344
17346
17349
17353
17505
17507
17509
17511
17513
17515
17681
17683
17685
17687
17689
17692
17856
17858
17860
17862
17864
18025
18027
18029
18031
18035
18038
18042
18208
18210
18213
18215
18218
18222
18226
18370
18371
18372
18373
18374
18548
18550
18552
18554
18556
18559
18732
18734
18736
18738
18742
18746
18750
18904
18906
18908
18910
18914
18918
19084
19086
19088
19090
19091
19092
19093
19094
19095
19283
19285
19287
19289
19291
19294
19298
19460
19462
19464
19466
19468
19471
19475
19632
19634
19636
19640
19644
19648
19825
19827
19829
19831
19833
19836
19840
19844
19986
19988
19990
19991
19992
19993
19994
20179
20181
20183
20185
20188
20192
20196
20366
20368
20371
20373
20376
20380
20384
20554
20556
20558
20560
20562
20565
20569
20573
20748
20750
20753
20755
20758
20761
20929
20931
20933
20935
20939
20943
20947
21098
21100
21102
21104
21106
21109
21113
21117
21281
21283
21285
21287
21289
21292
21446
21448
21450
21451
21452
21453
21454
21455
21456
21644
21645
21646
21647
21648
21649
21650
21651
21652
21653
21654
21655
21665
21811
21813
21815
21817
21819
21820
22007
22008
22009
22010
22011
22012
22013
22014
22015
22016
22017
22018
22019
22199
22201
22203
22205
22207
22210
22214
22368
22370
22372
22374
22376
22377
22378
22546
22548
22550
22552
22554
22557
22741
22743
22745
22747
22749
22752
22756
22939
22941
22944
22945
22948
23118
23121
23123
23125
23128
23132
23136
23311
23313
23315
23316
23317
23318
23319
23320
23493
23495
23497
23499
23501
23504
23511
23661
23663
23665
23667
23669
23672
23676
23849
23851
23853
23854
23855
23856
23857
23858
23859
24021
24023
24025
24027
24029
24032
24036
24209
24212
24214
24216
24219
24223
24388
24390
24392
24394
24396
24399
24403
24407
24576
24578
24580
24582
24584
24587
24591
24734
24736
24738
24740
24742
24745
24749
24753
24904
24906
24908
24910
24912
24915
25093
25095
25097
25099
25101
25104
25108
25283
25285
25287
25289
25291
25297
25300
25466
25468
25470
25472
25474
25477
25484
25651
25653
25655
25657
25812
25815
25817
25820
25821
25825
25829
25992
25994
25996
25998
26000
26156
26158
26160
26163
26165
26168
26340
26341
26342
26343
26344
26345
26346
26347
26348
26349
26350
26351
26362
26536
26538
26540
26542
26544
26547
26551
26555
26725
26727
26729
26731
26733
26736
26740
26744
26912
26914
26916
26918
26920
26923
26927
26931
27082
27084
27086
27088
27090
27093
27097
27101
27255
27257
27259
27261
27263
27266
27418
27420
27422
27424
27426
27429
27432
27609
27611
27613
27615
27617
27620
27624
27796
27798
27800
27802
27804
27805
27809
27813
27962
27964
27966
27969
27972
27976
27980
28151
28153
28155
28158
28164
28168
28336
28338
28340
28342
28344
28347
28351
28355
28504
28506
28508
28510
28512
28515
28519
28523
28691
28692
28693
28694
28695
28696
28697
28698
28699
28700
28701
28702
28876
28878
28880
28882
28884
28885
29049
29051
29053
29055
29057
29060
29064
29068
29247
29249
29250
29252
29254
29257
29261
29265
29418
29420
29422
29424
29426
29428
29432
29595
29597
29599
29601
29603
29606
29756
29758
29760
29762
29764
29767
29771
29943
29944
29946
29948
29950
29953
29957
30126
30129
30131
30133
30136
30140
30292
30293
30294
30295
30296
30297
30298
30299
30300
30301
30473
30475
30477
30479
30481
30482
30486
30490
30665
30667
30668
30670
30671
30674
30678
30814
30816
30818
30820
30822
30825
30829
30833
31000
31002
31004
31005
31006
31007
31008
31009
31010
31011
31190
31192
31194
31196
31198
31201
31205
31209
31381
31383
31385
31387
31389
31392
31396
31546
31548
31550
31552
31554
31557
31561
31742
31744
31745
31747
31751
31755
31759
31917
31919
31922
31924
31927
31931
31935
32107
32109
32111
32113
32115
32118
32122
32282
32284
32286
32288
32290
32293
32297
32476
32478
32480
32481
32483
32486
32490
32494
32657
32658
32659
32660
32661
32828
32830
32832
32834
32836
32839
32843
32847
32995
32997
32999
33001
33003
33006
33010
33171
33173
33175
33177
33179
33351
33353
33355
33357
33359
33362
33366
33370
33535
33536
33537
33538
33539
33540
33541
33542
33543
33544
33719
33721
33722
33723
33724
33727
33731
33735
33900
33903
33905
33907
33909
33912
33916
34074
34076
34078
34080
34082
34085
34089
34093
34232
34234
34236
34238
34240
34587
34589
34591
34593
34595
34596
34600
34603
34767
34769
34772
34774
34930
34931
34932
34933
34934
34935
35086
35088
35090
35092
35094
35095
35096
35099
35103
35268
35270
35272
35274
35276
35281
35285
35448
35450
35453
35455
35458
35605
35607
35608
35609
35610
35611
35612
35613
35614
35615
35616
35793
35795
35797
35799
35801
35802
35979
35981
35983
35985
35987
35989
36168
36170
36172
36174
36176
36179
36183
36187
36351
36353
36355
36357
36359
36362
36366
36513
36515
36516
36518
36520
36685
36687
36689
36691
36693
36696
36700
36875
36876
36877
36878
36879
36880
36881
36882
36883
36884
36885
37069
37071
37073
37075
37076
37079
37083
37245
37247
37249
37251
37252
37256
37260
37424
37426
37428
37430
37432
37435
37439
37443
37611
37613
37615
37617
37619
37620
37621
37624
37777
37779
37781
37783
37785
37788
37939
37941
37943
37945
37946
37947
37948
37949
38133
38135
38136
38138
38140
38143
38147
38151
38320
38322
38324
38326
38328
38329
38516
38518
38520
38522
38524
38525
38679
38681
38683
38685
38687
38871
38873
38875
38877
38879
39048
39050
39052
39054
39056
39058
39062
39237
39239
39241
39243
39245
39246
39250
39254
39414
39416
39418
39420
39422
39425
39596
39598
39600
39603
39606
39792
39794
39796
39798
39800
39801
39805
39809
39980
39983
39984
39985
39986
39987
39988
40152
40154
40156
40158
40160
40161
40162
40165
40169
40343
40345
40347
40348
40350
40351
40352
40353
40540
40541
40542
40543
40544
40545
40546
40547
40548
40549
40550
40562
40729
40731
40733
40734
40735
40736
40737
40738
40901
40903
40905
40907
40909
40910
40914
40918
41092
41094
41096
41099
41102
41106
41110
41284
41286
41288
41290
41292
41295
41299
41303
41463
41465
41467
41469
41471
41472
41641
41643
41645
41647
41649
41650
41651
41654
41658
41804
41806
41808
41810
41813
41817
41987
41989
41991
41993
42174
42176
42178
42179
42180
42181
42182
42183
42184
42353
42354
42356
42358
42360
42361
42362
42363
42546
42548
42550
42552
42554
42555
42559
42563
42720
42722
42724
42726
42728
42731
42735
42739
42902
42904
42906
42908
42910
42913
42917
42921
43073
43075
43077
43078
43079
43080
43081
43082
43083
43265
43267
43269
43271
43273
43274
43435
43436
43437
43438
43439
43440
43441
43442
43443
43444
43445
43446
43447
43448
43449
43455
43459
43606
43608
43610
43612
43614
43784
43786
43788
43790
43792
43793
43794
43976
43978
43980
43982
43984
43987
43990
43994
44155
44157
44159
44161
44163
44164
44344
44348
44350
44351
44358
44519
44523
44525
44526
44696
44698
44700
44702
44704
44706
44708
44712
44881
44883
44885
44887
44889
44892
44896
44900
45054
45056
45058
45060
45062
45065
45069
45220
45222
45224
45226
45228
45229
45230
45410
45412
45414
45416
45417
45418
45419
45601
45603
45605
45607
45609
45775
45777
45779
45781
45783
45969
45971
45973
45975
45977
45979
45982
45986
46151
46153
46155
46157
46158
46159
46160
46161
46162
46346
46348
46350
46352
46354
46355
46359
46363
46540
46543
46545
46547
46548
46552
46556
46731
46734
46736
46738
46741
46745
46917
46919
46921
46923
46925
46931
47096
47098
47100
47101
47102
47103
47104
47289
47291
47293
47295
47298
47302
47477
47479
47481
47483
47485
47486
47634
47636
47638
47640
47642
47645
47649
47653
47822
47823
47824
47825
47826
47827
47828
47829
47830
47831
47832
47833
47841
47845
48002
48004
48006
48008
48010
48011
48191
48193
48195
48197
48198
48201
48205
48209
48375
48377
48379
48381
48383
48386
48390
48545
48547
48549
48551
48553
48556
48560
48564
48704
48706
48708
48710
48712
48715
48719
48895
48897
48899
48901
48903
48905
48908
49068
49070
49072
49074
49076
49077
49260
49262
49264
49266
49268
49269
49270
49448
49449
49450
49451
49452
49453
49454
49627
49629
49631
49633
49634
49635
49636
49822
49824
49826
49827
49829
49831
49978
49980
49981
49982
49983
49984
49985
49986
49987
50163
50165
50167
50169
50171
50174
50178
50182
50357
50359
50361
50363
50365
50369
50373
50545
50547
50549
50551
50553
50554
50555
50558
50562
50740
50742
50744
50746
50748
50751
50755
50910
50912
50914
50916
50918
50919
51082
51084
51086
51088
51090
51093
51097
51272
51274
51276
51278
51280
51281
51282
51469
51471
51473
51474
51478
51627
51628
51630
51632
51634
51635
51639
51814
51816
51818
51820
51822
51825
52010
52012
52014
52016
52018
52019
52020
52026
52190
52192
52194
52195
52196
52197
52198
52199
52200
52202
52354
52356
52358
52360
52362
52366
52370
52535
52536
52537
52538
52539
52540
52541
52542
52543
52544
52545
52546
52556
52727
52729
52730
52731
52732
52733
52734
52735
52736
52738
52924
52926
52928
52929
52931
52932
52936
52940
53105
53107
53109
53111
53113
53114
53117
53121
53274
53276
53278
53280
53282
53285
53289
53293
53442
53444
53446
53448
53450
53451
53455
53617
53619
53621
53623
53627
53631
53634
53806
53808
53810
53812
53814
53815
53819
53823
53993
53996
53999
54002
54006
54180
54182
54183
54184
54188
54192
54342
54344
54346
54348
54349
54350
54530
54532
54534
54536
54538
54541
54545
54699
54701
54703
54705
54707
54708
54712
54716
54887
54889
54891
54893
54895
54898
54902
54906
55074
55076
55078
55080
55082
55083
55242
55244
55246
55248
55250
55251
55255
55431
55433
55435
55437
55439
55442
55446
55450
55603
55605
55607
55609
55611
55612
55616
55780
55782
55784
55785
55787
55788
55957
55959
55961
55964
55967
55971
56148
56150
56152
56154
56161
56329
56331
56333
56335
56337
56338
56342
56346
56508
56509
56510
56511
56512
56682
56684
56686
56688
56690
56692
56695
56699
56873
56875
56877
56879
56882
56885
56889
57038
57039
57040
57041
57042
57043
57044
57045
57046
57047
57048
57049
57055
57059
57225
57227
57229
57231
57233
57236
57240
57244
57420
57421
57422
57423
57424
57425
57426
57427
57428
57429
57430
57585
57586
57587
57588
57589
57590
57591
57592
57593
57594
57595
57596
57779
57781
57783
57785
57786
57787
57788
57789
57970
57972
57974
57976
57978
57979
57986
58138
58140
58142
58144
58146
58149
58153
58324
58326
58328
58330
58332
58335
58339
58343
58510
58512
58514
58516
58517
58518
58519
58520
58704
58706
58709
58711
58712
58716
58720
58888
58889
58890
58891
58892
58893
59059
59061
59063
59065
59067
59068
59252
59254
59255
59257
59259
59262
59266
59270
59434
59436
59438
59440
59442
59446
59450
59613
59615
59617
59619
59621
59789
59791
59794
59796
59979
59981
59983
59985
59987
59988
59992
60001
60151
60153
60155
60156
60158
60160
60163
60167
60332
60334
60336
60338
60340
60343
60347
60351
60501
60503
60506
60507
60508
60509
60667
60669
60671
60673
60829
60831
60833
60835
60837
60838
60842
61007
61009
61011
61013
61015
61018
61025
61188
61189
61190
61191
61355
61357
61359
61361
61363
61366
61370
61544
61546
61547
61548
61549
61550
61551
61734
61736
61738
61740
61742
61743
61744
61887
61889
61891
61893
61894
61895
61896
61897
62079
62081
62083
62085
62087
62090
62094
62260
62262
62263
62264
62265
62266
62267
62450
62452
62454
62455
62457
62458
62459
62643
62645
62647
62649
62650
62653
62657
62661
62809
62812
62814
62815
62816
62960
62962
62964
62966
62968
62970
62973
62976
63145
63147
63149
63151
63154
63158
63162
63329
63331
63333
63335
63337
63339
63342
63495
63497
63499
63501
63503
63506
63510
63683
63685
63687
63689
63690
63691
63694
63851
63852
63854
63856
63858
63859
63863
63867
64029
64031
64033
64035
64037
64038
64184
64186
64188
64190
64192
64193
64197
64200
64368
64369
64370
64371
64372
64373
64374
64375
64376
64377
64378
64379
64380
64389
64563
64565
64567
64569
64571
64572
64576
64747
64749
64751
64753
64755
64758
64762
64931
64933
64936
64938
64939
64940
64943
64947
65112
65114
65116
65118
65120
65123
65254
65256
65258
65260
65262
65264
65267
65271
65443
65445
65447
65449
65451
65452
65453
65456
65636
65638
65640
65642
65644
65647
65651
65829
65831
65833
65835
65837
65838
65842
66020
66022
66024
66025
66027
66029
66032
66036
66201
66203
66205
66207
66209
66210
66214
66388
66390
66392
66394
66396
66402
66551
66553
66555
66557
66559
66560
66561
66564
66568
66731
66733
66735
66737
66739
66742
66746
66922
66924
66926
66928
66930
66931
67114
67116
67118
67120
67122
67124
67127
67312
67313
67314
67315
67316
67317
67318
67319
67320
67321
67322
67479
67480
67481
67482
67483
67484
67485
67486
67487
67488
67489
67661
67663
67665
67667
67670
67674
67837
67839
67841
67843
67845
67848
67852
68010
68011
68013
68015
68021
68185
68187
68190
68194
68198
68202
68369
68371
68374
68376
68377
68378
68550
68552
68554
68556
68558
68740
68742
68744
68746
68748
68753
68909
68911
68913
68915
68917
68920
68924
68928
69095
69098
69100
69102
69105
69108
69112
