129
133
300
304
480
484
638
642
799
803
966
970
1143
1147
1300
1304
1474
1478
1649
1653
1841
1845
2006
2010
2018
2160
2164
2335
2339
2515
2519
2688
2692
2700
2857
2861
3031
3035
3043
3178
3182
3190
3349
3353
3361
3533
3852
4013
4023
4181
4188
4366
4370
4378
4539
4543
4551
4705
4709
4875
4879
5045
5049
5220
5224
5373
5377
5552
5556
5708
5712
5873
6031
6035
6043
6220
6224
6232
6368
6372
6546
6550
6693
6697
6851
6855
6862
7004
7008
7194
7198
7356
7360
7368
7509
7513
7662
7666
7851
7855
8025
8029
8187
8198
8361
8365
8538
8542
8698
8864
8868
9035
9039
9194
9198
9377
9381
9530
9534
9705
9848
9852
10019
10023
10182
10186
10194
10350
10354
10522
10526
10691
10695
10842
11015
11019
11168
11337
11341
11349
11517
11521
11699
11703
11711
11867
11871
11879
12013
12017
12190
12198
12334
12338
12490
12494
12499
12646
12650
12817
12821
12974
12978
13141
13145
13289
13293
13458
13462
13626
13630
13808
13812
13976
13979
14127
14130
14296
14446
14450
14605
14609
14765
14768
14917
14921
15078
15082
15090
15261
15419
15423
15594
15598
15769
15773
15931
15935
16097
16101
16238
16242
16403
16407
16577
16581
16736
16893
16897
17067
17068
17235
17239
17418
17422
17581
17585
17592
17751
17755
17916
17920
18100
18104
18270
18409
18413
18597
18601
18609
18777
18781
18917
18921
19086
19090
19247
19251
19425
19626
19630
19786
19790
19953
19957
20124
20128
20303
20307
20471
20475
20633
20637
20777
20781
20955
20959
20967
21134
21138
21297
21301
21472
21476
21652
21656
21819
21823
22008
22012
22174
22178
22345
22349
22530
22534
22716
22720
22888
22892
23032
23036
23205
23209
23382
23386
23537
23541
23716
23720
23894
23898
24057
24061
24239
24243
24422
24426
24596
24600
24782
24786
24963
24967
25140
25144
25285
25289
25467
25649
25653
25807
25811
25970
25974
26134
26138
26304
26308
26497
26501
26677
26833
26837
27012
27016
27171
27341
27345
27491
27495
27676
27680
27862
27866
28005
28162
28166
28340
28344
28489
28493
28674
28678
28850
28854
29029
29210
29214
29391
29395
29559
29563
29710
29714
29881
29885
30049
30053
30214
30218
30399
30402
30559
30563
30713
30716
30898
30902
31061
31065
31239
31243
31407
31411
31588
31592
31762
31766
31916
31920
32074
32078
32256
32418
32422
32599
32752
32756
32925
33086
33090
33272
33459
33630
33634
33811
33815
33973
33976
34137
34287
34291
34455
34459
34630
34633
34795
34960
34964
35132
35136
35291
35456
35460
35640
35644
35813
35817
35993
35997
36145
36149
36317
36321
36461
36465
36639
36643
36794
36798
37141
37145
37307
37311
37464
37468
37649
37653
37831
37993
37997
38182
38360
38529
38533
38681
38857
38861
39038
39042
39208
39338
39342
39513
39517
39677
39681
39847
39851
40026
40030
40195
40198
40360
40364
40534
40703
40707
40855
40859
41029
41209
41213
41368
41372
41532
41536
41711
41715
41873
41877
42042
42046
42231
42235
42412
42416
42561
42745
42749
42919
42923
43068
43072
43236
43402
43562
43565
43737
43914
43918
44082
44263
44267
44434
44604
44608
44769
44949
45104
45108
45266
45270
45427
45431
45618
45768
45935
46104
46108
46295
46299
46452
46455
46618
46622
46796
46800
46971
47158
47162
47323
47488
47640
47644
47811
47815
47991
48145
48149
48309
48313
48498
48502
48661
48665
48828
49010
49014
49185
49189
49358
49362
49544
49716
49718
49868
49871
50026
50030
50208
50211
50382
50386
50556
50729
50732
50894
50898
51087
51091
51268
51438
51617
51798
51963
51967
52112
52116
52289
52470
52474
52637
52641
52816
52820
52982
53149
53327
53331
53519
53523
53696
53869
53873
54037
54041
54209
54356
54360
54531
54535
54710
54876
55048
55052
55233
55410
55412
55598
55602
55764
55768
55952
56103
56106
56277
56281
56468
56472
56622
56626
56785
56789
56945
57115
57119
57287
57291
57465
57469
57627
57631
57800
57804
57987
57991
58154
58158
58341
58345
58532
58536
58708
58712
58870
58874
59009
59013
59202
59381
59554
59724
59727
59894
60064
60066
60250
60254
60416
60420
60592
60781
60785
60963
60967
61138
61142
61279
61283
61452
61615
61619
61806
61810
61988
62156
62160
62317
62508
62687
62691
63038
63042
63205
63209
63385
63389
63558
63562
63745
63888
63892
64063
64067
64247
64251
64436
64440
64588
64592
64780
64968
65152
65156
65337
