125
127
129
131
133
134
136
138
139
143
451
453
456
458
459
461
463
465
469
621
622
623
624
625
626
627
628
630
631
782
783
784
785
786
787
788
789
790
793
794
796
798
802
955
957
959
961
963
966
968
970
972
976
1142
1143
1144
1145
1146
1147
1148
1149
1150
1151
1154
1156
1158
1160
1164
1321
1322
1323
1324
1325
1326
1327
1328
1329
1330
1331
1332
1333
1334
1335
1336
1342
1344
1346
1476
1477
1633
1635
1637
1639
1640
1642
1644
1646
1648
1650
1807
1809
1811
1813
1816
1818
1820
1822
1826
1896
1897
1898
1899
1900
1901
1902
1903
1904
1905
1906
2073
2075
2077
2079
2080
2081
2084
2086
2088
2090
2242
2244
2246
2248
2251
2253
2255
2257
2261
2395
2397
2399
2401
2402
2403
2406
2408
2417
2572
2574
2576
2578
2580
2583
2585
2587
2589
2593
2740
2742
2744
2745
2746
2747
2895
2896
2897
2898
2899
2900
2901
2902
2903
2904
2907
2909
2911
2915
3060
3061
3062
3069
3073
3227
3228
3229
3230
3232
3233
3235
3236
3393
3395
3397
3399
3400
3401
3403
3405
3407
3409
3411
3562
3564
3566
3568
3570
3571
3580
3584
3733
3734
3735
3738
3739
3741
3745
3895
3896
3897
3898
3899
3900
3901
3903
3905
3906
3908
3910
3912
3914
3916
4033
4034
4035
4036
4037
4038
4039
4040
4041
4042
4043
4046
4048
4050
4054
4208
4210
4212
4213
4214
4215
4217
4219
4221
4223
4368
4369
4370
4371
4372
4373
4374
4375
4378
4380
4382
4386
4511
4513
4515
4517
4518
4519
4520
4522
4524
4526
4528
4669
4671
4673
4674
4676
4677
4679
4681
4683
4685
4829
4831
4833
4835
4836
4837
4839
4841
4843
4846
4850
5141
5143
5145
5147
5148
5149
5152
5154
5156
5158
5162
5295
5296
5297
5298
5299
5300
5301
5302
5304
5306
5307
5309
5312
5316
5475
5477
5479
5481
5483
5495
5653
5655
5658
5661
5663
5665
5667
5671
5819
5820
5821
5822
5823
5824
5825
5826
5980
5982
5984
5986
5987
5988
5989
5992
6117
6119
6121
6122
6123
6134
6290
6292
6294
6296
6299
6301
6303
6305
6464
6466
6468
6470
6471
6472
6475
6477
6479
6481
6630
6632
6634
6636
6637
6638
6641
6642
6644
6646
6783
6785
6787
6788
6790
6792
6795
6798
6942
6943
6944
6945
6946
6947
6948
6951
6954
6958
7256
7258
7260
7262
7263
7264
7265
7266
7270
7272
7274
7278
7398
7399
7401
7402
7404
7405
7407
7409
7573
7575
7577
7579
7583
7585
7588
7592
7746
7748
7749
7751
7753
7754
7756
7758
7760
7762
7764
7919
7921
7923
7924
7925
7936
8089
8091
8093
8095
8097
8098
8099
8101
8222
8224
8225
8226
8227
8228
8229
8230
8231
8234
8236
8238
8240
8244
8400
8402
8403
8404
8405
8406
8415
8419
8574
8576
8577
8578
8579
8580
8581
8582
8584
8585
8587
8589
8591
8593
8595
8747
8749
8751
8753
8754
8755
8758
8760
8762
8764
8917
8919
8921
8922
8926
8928
8930
8934
9080
9081
9082
9083
9084
9085
9086
9087
9088
9089
9093
9095
9259
9260
9261
9411
9412
9413
9415
9417
9419
9421
9423
9575
9576
9577
9578
9579
9580
9581
9582
9583
9584
9588
9590
9592
9754
9756
9758
9760
9762
9765
9767
9769
9771
9775
9929
9931
9933
9935
9937
9938
9940
9942
9944
9948
10085
10086
10087
10088
10089
10091
10092
10094
10096
10098
10102
10251
10253
10254
10255
10256
10258
10260
10262
10266
10399
10401
10402
10403
10404
10405
10406
10407
10408
10409
10412
10414
10417
10420
10573
10575
10577
10579
10581
10582
10584
10708
10710
10712
10714
10717
10719
10721
10723
10727
10881
10883
10885
10887
10889
10890
10892
10894
10898
11056
11058
11060
11062
11063
11065
11067
11069
11222
11223
11225
11227
11228
11229
11232
11234
11236
11514
11515
11516
11517
11518
11520
11522
11524
11528
11682
11684
11685
11687
11690
11692
11694
11696
11859
11861
11862
11863
11864
11865
11866
11867
11869
11870
11872
11874
11876
11878
11880
12025
12026
12027
12028
12029
12030
12031
12032
12033
12034
12035
12038
12040
12042
12044
12193
12194
12198
12200
12202
12359
12361
12362
12363
12366
12368
12370
12502
12503
12504
12659
12661
12663
12664
12665
12676
12815
12817
12819
12821
12822
12824
12826
12828
12830
12990
12992
12994
12996
12999
13001
13003
13007
13146
13148
13149
13151
13152
13153
13156
13158
13160
13162
13166
13320
13322
13323
13325
13328
13336
13340
13494
13497
13499
13649
13651
13652
13653
13654
13656
13658
13660
13664
13815
13816
13817
13818
13819
13821
13823
13825
13827
13829
13831
13833
13987
13989
13991
13992
13993
14001
14158
14160
14162
14164
14166
14167
14170
14172
14331
14333
14335
14337
14338
14339
14501
14502
14646
14647
14648
14649
14650
14651
14653
14656
14659
14800
14957
14959
14961
14963
14964
14965
14967
14969
14971
14973
14975
15134
15136
15138
15140
15141
15300
15304
15305
15308
15311
15313
15317
15473
15474
15476
15477
15479
15481
15484
15488
15646
15648
15649
15650
15651
15663
15667
15937
15939
15940
15941
15949
16090
16091
16092
16093
16095
16096
16098
16100
16102
16106
16250
16251
16256
16258
16260
16264
16414
16416
16418
16419
16421
16422
16424
16426
16428
16430
16432
16589
16591
16592
16594
16595
16596
16757
16759
16761
16763
16765
16766
16767
16768
16769
16770
16771
16773
16775
16777
16910
16912
16913
16915
16916
16917
16918
16919
16920
16921
16922
16925
16927
16929
16931
17097
17100
17102
17103
17104
17107
17109
17111
17113
17117
17275
17276
17278
17280
17281
17282
17285
17287
17289
17291
17294
17446
17448
17450
17452
17455
17457
17459
17461
17620
17622
17623
17625
17627
17630
17632
17634
17636
17640
17797
17798
17800
17801
17803
17806
17808
17812
17966
17968
17969
17970
17971
17981
18129
18130
18131
18132
18133
18136
18138
18140
18142
18146
18294
18295
18296
18297
18300
18302
18304
18308
18467
18468
18469
18470
18471
18472
18473
18474
18477
18479
18481
18483
18487
18642
18643
18644
18645
18646
18647
18648
18650
18651
18653
18655
18657
18659
18661
18821
18822
18823
18824
18825
18826
18827
18828
18829
18991
18992
18993
19000
19002
19004
19130
19132
19134
19135
19136
19137
19138
19139
19140
19141
19144
19146
19148
19150
19305
19307
19308
19309
19320
19471
19473
19475
19477
19479
19482
19484
19486
19488
19491
19644
19646
19648
19650
19652
19653
19655
19657
19659
19663
19824
19825
19826
19827
19828
19829
19830
19831
19832
19834
19837
19839
19841
19983
19984
19986
19987
19988
19989
19990
20133
20280
20281
20282
20283
20284
20285
20287
20288
20289
20291
20293
20295
20297
20300
20457
20458
20459
20460
20461
20463
20465
20467
20471
20625
20627
20629
20631
20633
20634
20635
20636
20637
20638
20639
20641
20643
20645
20647
20649
20811
20813
20815
20817
20819
20820
20822
20824
20973
20974
20975
20976
20977
20978
20979
20981
20982
20984
20987
20991
21141
21143
21144
21145
21149
21152
21288
21289
21291
21293
21294
21296
21299
21301
21303
21460
21461
21462
21464
21466
21468
21611
21613
21615
21617
21618
21619
21622
21624
21626
21634
21777
21779
21781
21783
21785
21787
21789
21791
21795
21950
21952
21954
21955
21957
21959
21961
21963
21965
21967
22116
22118
22120
22122
22123
22126
22128
22130
22132
22136
22272
22274
22415
22417
22418
22420
22421
22428
22430
22433
22437
22589
22591
22593
22594
22595
22601
22762
22763
22764
22765
22766
22767
22768
22769
22776
22780
22937
22940
22942
22943
22945
22947
22949
22951
22953
23100
23102
23104
23106
23107
23108
23109
23262
23264
23266
23268
23271
23273
23276
23279
23425
23427
23428
23430
23431
23433
23435
23437
23440
23616
23617
23618
23619
23620
23621
23622
23623
23624
23625
23626
23769
23771
23773
23775
23776
23777
23780
23782
23784
23789
23950
23952
23954
23956
23958
23959
23961
23963
23964
23968
24125
24127
24129
24131
24133
24136
24138
24140
24142
24146
24304
24306
24308
24310
24311
24314
24316
24318
24320
24324
24475
24476
24478
24616
24766
24768
24770
24772
24774
24775
24777
24779
24782
24784
24953
24954
24955
24956
24957
24958
24959
24960
24961
25105
25107
25109
25111
25112
25113
25116
25118
25120
25122
25284
25286
25288
25289
25291
25445
25446
25448
25450
25452
25453
25455
25457
25459
25463
25582
25583
25584
25585
25586
25588
25589
25591
25748
25750
25752
25754
25755
25756
25757
25758
25759
25760
25761
25762
25764
25766
25768
25770
25912
25914
25916
25918
25920
25923
25925
25927
25929
25933
26084
26086
26088
26089
26090
26093
26095
26097
26099
26261
26263
26265
26267
26268
26269
26272
26274
26284
26425
26426
26427
26428
26430
26432
26434
26436
26438
26440
26587
26589
26591
26592
26593
26594
26595
26905
26906
26907
26908
26909
26912
26914
26916
26920
27071
27073
27075
27077
27078
27079
27080
27082
27084
27086
27088
27249
27252
27254
27256
27419
27421
27423
27425
27426
27427
27430
27432
27434
27436
27440
27597
27598
27600
27601
27602
27603
27604
27605
27756
27758
27760
27762
27764
27765
27767
27769
27771
27773
27905
27906
27908
27909
27910
27911
27912
27913
27914
27915
27916
27919
27921
27924
27928
28077
28079
28081
28083
28085
28086
28088
28090
28092
28244
28246
28247
28248
28249
28250
28251
28252
28257
28259
28263
28402
28403
28404
28405
28406
28417
28568
28569
28571
28573
28576
28578
28580
28582
28586
28749
28751
28754
28756
28757
28758
28760
28762
28765
28769
29071
29072
29073
29074
29075
29076
29078
29079
29081
29083
29085
29087
29089
29227
29228
29229
29231
29232
29233
29236
29400
29402
29404
29562
29564
29566
29568
29571
29573
29575
29577
29581
29754
29755
29756
29757
29758
29759
29760
29761
29762
29763
29903
29905
29906
29907
29908
29911
29913
29915
29917
29921
30047
30048
30049
30050
30051
30052
30053
30054
30055
30056
30059
30061
30063
30067
30213
30215
30217
30219
30221
30222
30230
30232
30234
30398
30400
30402
30404
30406
30407
30409
30411
30413
30417
30568
30570
30572
30574
30575
30576
30579
30581
30583
30585
30588
30738
30739
30740
30742
30745
30747
30749
30751
30755
30907
30909
30911
30913
30914
30917
30919
30921
30923
31071
31073
31074
31075
31076
31077
31078
31228
31229
31230
31231
31242
31246
31381
31382
31384
31386
31388
31389
31550
31551
31552
31553
31554
31555
31556
31557
31559
31561
31564
31566
31568
31570
31574
31728
31730
31732
31734
31736
31737
31905
31906
31908
31910
31913
31915
31916
31918
31922
32060
32067
32205
32207
32209
32211
32212
32213
32216
32218
32220
32222
32384
32386
32388
32390
32391
32393
32395
32397
32399
32401
32553
32554
32555
32556
32557
32559
32561
32563
32565
32569
32727
32729
32731
32733
32735
32736
32894
32896
32898
32900
32903
32905
32907
32909
32913
33074
33076
33078
33080
33081
33083
33085
33087
33089
33091
33243
33244
33245
33246
33247
33248
33249
33252
33254
33256
33258
33262
33422
33424
33426
33428
33597
33599
33601
33603
33606
33608
33610
33612
33616
33776
33778
33780
33782
33784
33785
33787
33789
33792
33794
33961
33963
33965
33967
33968
33969
33972
33974
33976
33978
33982
34141
34143
34145
34147
34148
34149
34150
34152
34154
34156
34158
34319
34321
34323
34325
34464
34466
34468
34470
34472
34475
34477
34480
34484
34635
34637
34639
34641
34643
34644
34646
34648
34650
34654
34796
34798
34800
34801
34802
34813
34970
34972
34974
34976
34978
34979
34981
34983
34985
34987
34989
35136
35137
35138
35139
35140
35141
35144
35146
35148
35150
35305
35307
35309
35311
35312
35314
35316
35318
35320
35328
35483
35485
35639
35641
35642
35644
35645
35646
35648
35650
35655
35659
35813
35815
35817
35819
35821
35822
35824
35826
35828
35832
35976
35978
35980
35982
35983
35984
35985
35987
35989
35991
35993
36157
36159
36161
36163
36164
36165
36168
36170
36172
36174
36178
36337
36339
36341
36343
36345
36346
36348
36350
36352
36356
36513
36515
36517
36519
36521
36522
36524
36526
36528
36530
36532
36675
36677
36679
36681
36684
36686
36688
36690
36694
36856
37013
37015
37017
37019
37021
37022
37024
37026
37028
37032
37187
37189
37191
37193
37195
37196
37198
37200
37202
37204
37206
37366
37368
37370
37372
37373
37374
37377
37379
37381
37383
37387
37525
37527
37529
37530
37532
37533
37535
37537
37539
37541
37543
37699
37701
37704
37705
37706
37707
38011
38012
38013
38014
38015
38016
38017
38018
38019
38020
38021
38024
38026
38030
38190
38192
38194
38195
38196
38197
38198
38349
38351
38353
38355
38358
38360
38362
38364
38368
38527
38529
38531
38533
38535
38536
38537
38539
38541
38543
38545
38699
38700
38701
38702
38703
38704
38705
38706
38707
38708
38711
38713
38717
38864
38865
38867
38869
38870
38871
38874
38876
38878
38880
39030
39031
39041
39189
39191
39193
39195
39197
39198
39201
39203
39207
39363
39365
39366
39368
39370
39371
39373
39375
39377
39379
39381
39519
39521
39523
39525
39526
39527
39528
39530
39532
39534
39536
39696
39698
39700
39702
39705
39707
39709
39711
39715
39872
39874
39876
39878
39880
39883
39885
39887
39889
39893
40190
40191
40192
40193
40194
40195
40197
40198
40200
40202
40204
40206
40208
40360
40362
40364
40366
40367
40368
40371
40373
40375
40377
40381
40535
40537
40539
40541
40543
40544
40546
40548
40550
40554
40702
40704
40706
40708
40709
40710
40869
40871
41032
41034
41036
41037
41039
41040
41042
41044
41046
41048
41050
41189
41191
41193
41194
41204
41206
41208
41212
41366
41368
41370
41372
41375
41377
41541
41543
41545
41547
41550
41552
41554
41556
41560
41720
41722
41723
41725
41726
41728
41730
41732
41736
41898
41900
41902
41904
41907
41909
41911
41913
41917
42074
42076
42078
42080
42092
42410
42412
42414
42416
42419
42421
42423
42425
42429
42589
42590
42592
42594
42595
42596
42767
42769
42770
42772
42773
42774
42777
42779
42781
42783
42787
42945
42946
42947
42948
42949
42962
43121
43122
43123
43124
43287
43289
43291
43292
43294
43295
43297
43299
43301
43305
43441
43589
43590
43591
43592
43593
43606
43768
43770
43772
43774
43777
43779
43781
43783
43787
43945
43947
43949
43951
43953
43956
43958
43960
43962
43965
44121
44123
44125
44127
44128
44130
44132
44134
44136
44138
44299
44302
44304
44306
44307
44309
44311
44313
44317
44461
44463
44610
44612
44614
44616
44618
44619
44621
44623
44625
44629
44782
44784
44786
44788
44791
44793
44795
44797
44801
44963
44965
44967
44969
44971
44972
44974
44976
44978
44982
45141
45143
45145
45147
45148
45149
45150
45151
45153
45155
45157
45315
45317
45319
45321
45322
45323
45325
45327
45329
45331
45333
45502
45506
45649
45650
45651
45652
45653
45654
45655
45656
45657
45658
45661
45663
45665
45826
45828
45831
45833
45834
45836
45838
45840
45844
46011
46013
46015
46017
46020
46022
46024
46026
46030
46193
46195
46197
46199
46200
46201
46204
46206
46207
46209
46213
46375
46377
46379
46381
46383
46384
46386
46388
46390
46392
46394
46554
46555
46556
46558
46560
46561
46563
46565
46567
46569
46571
46723
46725
46869
46871
46872
46873
46874
46875
46876
46882
46884
46888
47027
47029
47030
47032
47033
47034
47036
47038
47040
47044
47175
47177
47179
47181
47183
47184
47186
47188
47190
47194
47355
47357
47359
47361
47363
47364
47366
47368
47370
47372
47374
47540
47542
47544
47546
47547
47548
47551
47553
47555
47557
47714
47716
47718
47720
47722
47723
47725
47727
47737
47869
47870
47871
47872
47873
47874
47876
47877
47879
47881
47883
47885
47887
48048
48049
48050
48051
48052
48053
48054
48055
48056
48057
48058
48062
48064
48228
48230
48232
48234
48237
48239
48241
48243
48247
48390
48392
48394
48396
48398
48399
48401
48403
48404
48408
48572
48573
48574
48576
48578
48579
48581
48583
48585
48587
48589
48747
48749
48751
48753
48755
48756
48758
48760
48762
48766
48928
48930
48931
48935
49074
49075
49076
49077
49078
49079
49080
49081
49082
49083
49084
49088
49090
49226
49227
49391
49393
49395
49397
49400
49402
49404
49406
49410
49573
49576
49578
49579
49580
49581
49583
49584
49585
49587
49740
49742
49744
49746
49748
49749
49751
49753
49756
49758
49913
49915
49917
49919
49920
49921
49923
49925
49927
49929
49931
50071
50072
50074
50076
50077
50078
50079
50080
50223
50225
50227
50229
50230
50232
50234
50236
50238
50240
50404
50406
50408
50409
50411
50413
50415
50417
50574
50576
50578
50580
50582
50585
50587
50589
50591
50595
50743
50744
50745
50746
50747
50748
50750
50751
50754
50756
50758
50760
50764
50922
50924
50926
50928
50930
50931
50933
50935
50937
50941
51098
51100
51102
51104
51106
51107
51109
51111
51113
51115
51255
51257
51259
51261
51263
51264
51266
51268
51270
51274
51423
51425
51427
51429
51430
51600
51602
51604
51606
51771
51773
51775
51777
51779
51780
51782
51784
51786
51790
51952
51954
51956
51958
51959
51961
51963
51965
51967
51969
52127
52129
52131
52133
52135
52136
52138
52140
52142
52146
52299
52301
52303
52305
52307
52308
52310
52312
52314
52316
52318
52450
52452
52454
52456
52458
52459
52461
52463
52465
52467
52469
52627
52629
52631
52633
52635
52636
52638
52640
52642
52644
52646
52799
52800
52801
52802
52803
52964
52966
52968
52970
52971
52972
52975
52977
52979
52981
52985
53130
53131
53132
53133
53134
53135
53137
53138
53140
53142
53144
53146
53148
53310
53312
53314
53317
53318
53320
53322
53324
53327
53331
53632
53633
53634
53635
53636
53638
53640
53642
53644
53646
53798
53799
53801
53803
53805
53806
53808
53966
53968
53970
53972
53973
53975
53977
53979
53981
53983
54132
54134
54136
54138
54140
54143
54145
54147
54149
54153
54297
54299
54301
54453
54457
54600
54601
54603
54605
54607
54608
54611
54613
54617
54754
54756
54758
54760
54761
54763
54765
54767
54769
54771
54929
54931
54933
54935
54937
54938
54940
54942
54944
54946
54948
55102
55104
55106
55108
55109
55110
55113
55115
55117
55119
55123
55271
55273
55275
55277
55279
55280
55282
55284
55286
55290
55443
55445
55447
55449
55451
55452
55454
55456
55458
55604
55606
55607
55608
55609
55610
55611
55612
55613
55614
55764
55766
55768
55770
55772
55773
55775
55777
55779
55783
