80
83
85
86
253
255
258
260
262
414
416
418
420
422
427
581
583
585
587
589
592
750
752
754
756
757
759
917
919
921
923
925
1074
1076
1078
1080
1082
1212
1214
1216
1218
1220
1222
1367
1369
1371
1373
1374
1534
1536
1538
1539
1541
1543
1693
1695
1697
1698
1856
1858
1860
1862
1864
2024
2026
2028
2029
2031
2033
2183
2185
2188
2190
2192
2339
2343
2345
2347
2350
2514
2516
2518
2520
2522
2668
2670
2672
2674
2676
2824
2826
2828
2830
2832
2834
2995
2997
2999
3001
3003
3149
3151
3153
3155
3156
3158
3161
3285
3287
3289
3291
3293
3427
3429
3431
3432
3584
3586
3588
3589
3591
3748
3750
3751
3753
3758
3888
3890
3892
3894
3896
4054
4056
4057
4059
4061
4063
4213
4215
4217
4219
4221
4361
4362
4363
4365
4367
4369
4371
4374
4535
4537
4539
4541
4543
4545
4705
4707
4709
4711
4713
4868
4871
4873
4875
4877
5042
5044
5046
5048
5049
5197
5199
5201
5203
5205
5358
5360
5362
5364
5366
5502
5504
5506
5507
5509
5672
5674
5676
5677
5838
5840
5842
5844
5846
5851
5998
6000
6001
6003
6005
6007
6160
6162
6164
6166
6168
6170
6328
6330
6332
6334
6335
6478
6479
6481
6483
6485
6647
6649
6651
6653
6812
6814
6816
6818
6820
6823
6991
6994
6996
7156
7158
7160
7162
7164
7165
7168
7307
7309
7311
7313
7315
7462
7464
7466
7468
7593
7595
7597
7599
7600
7602
7746
7749
7751
7753
7910
7912
7914
7916
7917
8077
8079
8237
8239
8241
8243
8245
8402
8404
8406
8408
8409
8555
8556
8557
8558
8559
8560
8561
8562
8564
8567
8736
8738
8740
8742
8744
8746
8748
8917
8919
8921
8923
8925
9066
9068
9070
9072
9074
9076
9239
9241
9243
9245
9247
9249
9409
9411
9413
9415
9417
9565
9568
9570
9693
9695
9697
9699
9701
9703
9858
9860
9862
9864
9866
10027
10029
10031
10033
10035
10175
10177
10179
10180
10182
10336
10338
10340
10342
10496
10498
10500
10502
10504
10505
10655
10657
10659
10661
10663
10665
10668
10828
10831
10833
10835
10989
10991
10993
10995
10997
11155
11157
11159
11161
11162
11336
11337
11339
11341
11343
11508
11510
11512
11514
11516
11656
11658
11660
11662
11664
11666
11669
11799
11802
11804
11806
11957
11959
11961
11963
12115
12117
12119
12121
12272
12275
12277
12279
12426
12428
12430
12432
12434
12436
12590
12592
12594
12596
12598
12600
12753
12755
12757
12759
12761
12918
12920
12922
12924
12926
13082
13084
13086
13088
13090
13092
13095
13250
13252
13254
13256
13258
13263
13423
13425
13427
13429
13431
13603
13606
13608
13610
13612
13615
13774
13776
13778
13780
13782
13783
13906
13908
13911
13913
14060
14062
14064
14066
14214
14217
14219
14220
14382
14384
14386
14388
14547
14549
14551
14553
14555
14720
14722
14724
14726
14728
14730
14733
14877
14879
14881
14883
14885
14887
15043
15047
15049
15051
15190
15192
15194
15196
15198
15361
15363
15365
15367
15369
15518
15520
15522
15524
15526
15528
15680
15682
15684
15686
15688
15846
15848
15850
15852
15854
15856
15858
16004
16006
16008
16010
16012
16014
16149
16152
16154
16156
16158
16323
16325
16327
16328
16330
16332
16335
16494
16496
16498
16500
16651
16653
16655
16657
16659
16829
16831
16833
16835
16837
17014
17016
17018
17020
17162
17163
17164
17165
17166
17167
17169
17171
17347
17349
17351
17353
17355
17357
17527
17529
17531
17533
17535
17540
17712
17714
17716
17718
17720
17873
17874
17876
17878
17880
18051
18053
18055
18057
18059
18225
18227
18228
18229
18230
18231
18232
18233
18234
18235
18368
18369
18370
18371
18372
18373
18374
18375
18376
18380
18537
18538
18539
18540
18541
18542
18543
18544
18545
18546
18709
18710
18711
18712
18713
18714
18715
18716
18878
18880
18881
18882
18883
18884
18885
18886
18887
18888
19047
19048
19049
19050
19051
19052
19053
19054
19057
19216
19217
19218
19219
19220
19221
19222
19223
19224
19225
19374
19375
19376
19377
19378
19379
19380
19381
19382
19383
19384
19385
19547
19549
19551
19552
19553
19554
19555
19556
19557
19558
19726
19728
19730
19731
19732
19733
19734
19735
19736
19737
19912
19914
19915
19916
19917
19918
19919
19920
19921
19922
19923
19927
20103
20105
20107
20108
20109
20110
20111
20112
20113
20285
20287
20289
20290
20291
20292
20293
20294
20451
20453
20454
20455
20456
20457
20458
20459
20460
20461
20589
20591
20593
20594
20595
20596
20597
20598
20599
20761
20762
20763
20764
20765
20766
20767
20768
20772
20909
20911
20913
20914
20915
20916
20917
20918
20919
21050
21052
21053
21054
21055
21056
21057
21058
21059
21060
21061
21227
21229
21230
21231
21232
21233
21234
21235
21236
21239
21400
21402
21403
21404
21405
21406
21407
21408
21409
21410
21411
21571
21573
21574
21575
21576
21577
21578
21579
21580
21750
21752
21754
21755
21756
21757
21758
21759
21760
21912
21914
21916
21917
21918
21919
21920
21921
21922
22093
22095
22097
22098
22099
22100
22101
22102
22103
22287
22289
22291
22292
22293
22294
22295
22296
22297
22468
22470
22472
22473
22474
22475
22476
22477
22478
22655
22657
22659
22660
22661
22662
22663
22664
22665
22813
22815
22817
22818
22819
22820
22821
22822
22823
22824
22828
22987
22989
22990
22991
22992
22993
22994
22995
22996
23150
23151
23152
23153
23154
23155
23156
23157
23158
23159
23313
23314
23315
23316
23317
23318
23319
23320
23321
23324
23491
23492
23493
23494
23495
23496
23497
23498
23499
23502
23674
23676
23678
23679
23680
23681
23682
23683
23684
23842
23845
23846
23847
23848
23849
23850
23851
24000
24002
24003
24004
24005
24006
24007
24008
24009
24010
24177
24179
24180
24181
24182
24183
24184
24185
24186
24187
24341
24343
24345
24346
24347
24348
24349
24350
24351
24507
24509
24510
24511
24512
24513
24514
24515
24516
24517
24518
24522
24688
24690
24691
24692
24693
24694
24695
24696
24697
24698
24699
24702
24867
24869
24870
24871
24872
24873
24874
24875
24876
24877
25024
25026
25027
25028
25029
25030
25031
25032
25033
25037
25201
25202
25203
25204
25205
25206
25207
25208
25209
25210
25353
25355
25356
25357
25358
25359
25360
25361
25362
25514
25515
25516
25517
25518
25519
25520
25521
25522
25523
25694
25696
25697
25698
25699
25700
25701
25702
25703
25706
25881
25883
25884
25885
25886
25887
25888
25889
25890
25891
25892
25896
26035
26037
26039
26040
26041
26042
26043
26044
26045
26216
26218
26219
26220
26221
26222
26223
26224
26390
26392
26394
26395
26396
26397
26398
26399
26400
26565
26566
26567
26568
26569
26570
26571
26572
26573
26728
26730
26731
26732
26733
26734
26735
26736
26737
26738
26742
26912
26914
26915
26916
26917
26918
26919
26920
26921
26922
26923
26926
27080
27082
27084
27085
27086
27087
27088
27089
27090
27091
27255
27257
27258
27259
27260
27261
27262
27263
27264
27265
27397
27399
27400
27401
27402
27403
27404
27405
27406
27573
27575
27576
27577
27578
27579
27580
27581
27731
27733
27734
27735
27736
27737
27738
27739
27874
27875
27876
27877
27878
27879
27880
27881
27884
28043
28045
28047
28048
28049
28050
28051
28052
28053
28233
28234
28235
28236
28237
28238
28239
28240
28241
28242
28245
28372
28373
28374
28375
28376
28377
28378
28379
28380
28381
28382
28383
28386
28559
28560
28561
28562
28563
28564
28565
28566
28567
28718
28720
28721
28722
28723
28724
28725
28726
28727
28728
28898
28900
28901
28902
28903
28904
28905
28906
28907
28908
28909
28913
29078
29080
29081
29082
29083
29084
29085
29086
29087
29088
29089
29252
29253
29254
29255
29256
29257
29258
29259
29260
29261
29265
29416
29418
29419
29420
29421
29422
29423
29424
29425
29426
29559
29560
29561
29562
29563
29564
29565
29566
29567
29568
29727
29729
29731
29732
29733
29734
29735
29736
29737
29903
29904
29905
29906
29907
29908
29909
29910
29911
29912
29913
30081
30084
30085
30086
30087
30088
30089
30090
30091
30094
30257
30259
30260
30261
30262
30263
30264
30265
30266
30267
30415
30416
30417
30418
30419
30420
30421
30422
30425
30575
30576
30577
30578
30579
30580
30581
30582
30583
30584
30585
30755
30757
30759
30760
30761
30762
30763
30764
30765
30769
30929
30931
30932
30933
30934
30935
30936
30937
30938
30942
31099
31100
31101
31102
31103
31104
31105
31106
31107
31108
31112
31281
31283
31285
31286
31287
31288
31289
31290
31291
31457
31459
31461
31463
31465
31610
31612
31614
31616
31618
31620
31775
31777
31779
31781
31782
31784
31951
31953
31955
31957
31959
32118
32120
32122
32124
32266
32268
32271
32273
32440
32442
32444
32446
32448
32450
32607
32609
32611
32613
32615
32617
32771
32773
32775
32777
32779
32781
32783
32931
32933
32935
32937
32939
32941
32944
33112
33114
33116
33118
33123
33281
33283
33285
33287
33289
33456
33458
33460
33462
33464
33469
33637
33639
33641
33643
33645
33810
33812
33814
33816
33818
33949
33951
33953
33955
33957
34131
34133
34135
34137
34139
34270
34272
34274
34276
34437
34440
34442
34444
34612
34614
34616
34618
34619
34788
34790
34792
34794
34961
34964
34966
34968
34970
34973
35141
35143
35145
35147
35149
35154
35296
35298
35300
35302
35304
35306
35309
35481
35483
35485
35487
35634
35636
35638
35640
35642
35647
35818
35820
35822
35824
35826
35828
35982
35984
35986
35988
35990
35994
36130
36132
36134
36136
36138
36141
36302
36304
36306
36308
36310
36456
36458
36460
36462
36464
36631
36633
36635
36636
36638
36811
36813
36815
36817
36976
36978
36980
36982
37155
37157
37159
37161
37163
37165
37330
37332
37334
37336
37338
37339
37496
37498
37500
37502
37504
37505
37674
37676
37678
37680
37853
37855
37857
37859
37861
37866
38034
38036
38038
38040
38042
38207
38209
38211
38213
38215
38220
38384
38387
38389
38391
38396
38558
38560
38561
38563
38564
38566
38733
38735
38737
38739
38913
38915
38917
38918
39089
39091
39093
39095
39097
39101
39266
39268
39270
39272
39273
39397
39399
39401
39403
39405
39407
39569
39570
39571
39573
39575
39577
39579
39582
39746
39748
39750
39752
39754
39920
39921
39923
39925
39927
40099
40100
40102
40104
40106
40279
40281
40283
40284
40286
40288
40290
40456
40458
40460
40462
40464
40466
40596
40598
40600
40602
40604
40746
40748
40750
40752
40754
40915
40917
40919
40921
40923
41078
41080
41082
41084
41085
41087
41252
41254
41256
41258
41431
41433
41436
41438
41607
41609
41611
41613
41615
41619
41758
41759
41760
41761
41762
41763
41765
41767
41934
41936
41938
41940
41941
41946
42098
42100
42102
42104
42106
42111
42275
42277
42279
42281
42283
42285
42288
42450
42452
42454
42456
42457
42459
42632
42634
42636
42638
42640
42643
42796
42798
42800
42802
42804
42806
42944
42946
42948
42950
42952
42957
43120
43122
43123
43125
43126
43131
43270
43272
43274
43276
43439
43441
43443
43445
43447
43618
43620
43622
43624
43626
43798
43800
43802
43804
43806
43810
43958
43959
43960
43961
43962
43963
43965
43967
44134
44136
44138
44140
44142
44147
44313
44316
44318
44320
44322
44486
44488
44490
44492
44494
44659
44661
44663
44665
44667
44669
44839
44841
44843
44845
44846
45009
45011
45013
45015
45017
45022
45158
45160
45162
45164
45166
45168
45329
45331
45333
45335
45486
45488
45490
45492
45494
45498
45656
45658
45660
45662
45819
45821
45823
45825
45827
45832
45984
45986
45988
45990
45992
46155
46157
46159
46161
46163
46165
46168
46321
46322
46324
46326
46328
46499
46501
46503
46505
46507
46509
46512
46670
46672
46674
46676
46678
46680
46685
46820
46822
46824
46826
46828
46833
46991
46993
46995
46997
46999
47001
47004
47158
47160
47162
47164
47166
47168
47304
47306
47308
47310
47312
47475
47477
47478
47480
47482
47642
47644
47646
47648
47650
47801
47803
47805
47807
47809
47811
47966
47968
47970
47972
47977
48150
48152
48154
48156
48158
48162
48319
48321
48323
48324
48326
48502
48504
48506
48508
48513
48666
48668
48670
48672
48673
48830
48833
48835
48837
48839
49005
49007
49009
49011
49013
49015
49165
49167
49169
49171
49173
49178
49328
49330
49332
49334
49336
49339
49470
49472
49474
49476
49478
49620
49622
49624
49626
49628
49630
49798
49800
49802
49804
49806
49955
49957
49959
49961
49963
50129
50131
50133
50135
50137
50141
50311
50313
50315
50316
50317
50321
50458
50460
50462
50464
50466
50641
50643
50645
50647
50649
50826
50828
50830
50832
50834
50839
50998
51000
51002
51004
51006
51008
51011
51175
51177
51179
51181
51182
51187
51354
51356
51358
51360
51362
51364
51367
51518
51520
51522
51524
51526
51531
51686
51688
51690
51692
51693
51695
51700
51825
51827
51829
51831
51833
52002
52004
52006
52008
52184
52186
52188
52190
52194
52333
52335
52337
52339
52340
52503
52505
52507
52509
52511
52692
52695
52696
52698
52847
52848
52849
52850
52851
52852
52854
52856
53012
53014
53016
53018
53190
53192
53194
53196
53198
53202
53370
53372
53374
53376
53377
53554
53556
53558
53560
53562
53564
53728
53730
53732
53734
53736
53741
53906
53908
53910
53912
53914
54050
54052
54054
54056
54058
54214
54216
54218
54220
54222
54227
54368
54370
54372
54374
54376
54378
54533
54536
54538
54699
54701
54704
54706
54710
54873
54875
54877
54879
54880
54885
55019
55020
55021
55022
55023
55024
55025
55027
55029
55195
55197
55199
55201
55202
55367
55369
55371
55373
55375
55380
55542
55544
55546
55548
55550
55552
55555
55723
55725
55727
55729
55731
55880
55882
55884
55886
55888
55893
56038
56040
56042
56044
56046
56048
56051
56184
56186
56188
56190
56192
56194
56344
56346
56348
56350
56509
56511
56513
56515
56517
56684
56686
56688
56690
56692
56856
56858
56860
56862
56864
57030
57032
57034
57036
57197
57200
57202
57203
57205
57370
57372
57374
57376
57378
57380
57543
57545
57547
57549
57551
57556
57720
57722
57724
57726
57728
57730
57878
57880
57882
57884
57886
57891
58059
58061
58063
58065
58222
58224
58226
58228
58230
58232
58237
58365
58367
58369
58371
58517
58519
58521
58523
58528
58682
58685
58687
58688
58690
58692
58850
58852
58854
58856
58858
58860
59032
59034
59036
59038
59040
59045
59210
59212
59214
59216
59218
59219
59222
59367
59370
59372
59374
59562
59564
59566
59568
59573
59712
59714
59716
59718
59720
59722
59725
59894
59896
59898
59900
59902
59904
60075
60077
60079
60081
60082
60085
60244
60246
60248
60250
60252
60253
60256
60409
60411
60413
60415
60417
60556
60558
60560
60562
60564
60566
60571
60719
60721
60723
60725
60727
60731
60891
60893
60895
60897
60899
60901
61073
61074
61075
61076
61077
61078
61079
61080
61225
61227
61229
61231
61233
61238
61411
61413
61415
61417
61419
61420
61423
61587
61589
61591
61593
61595
61597
61775
61777
61779
61781
61783
61785
61924
61926
61929
61931
62094
62095
62096
62098
62099
62269
62271
62273
62275
62277
62279
62284
62454
62456
62458
62460
62462
62467
62600
62602
62604
62606
62608
62750
62752
62754
62756
62758
62760
62763
62889
62891
62893
62895
62897
62901
63057
63059
63061
63063
63065
63068
63229
63231
63233
63235
63239
63378
63380
63382
63384
63550
63552
63554
63556
63558
63560
63565
63719
63721
63723
63725
63727
63882
63883
63884
63886
63888
63890
63895
64048
64050
64052
64054
64056
64058
64061
