94
96
98
101
103
104
106
108
110
112
114
255
257
259
262
263
267
268
270
272
430
432
434
436
438
441
443
445
447
449
451
608
610
612
614
766
768
770
771
773
774
775
778
780
782
784
788
937
939
941
943
945
948
950
951
953
954
956
1095
1097
1099
1101
1103
1106
1108
1110
1112
1114
1116
1273
1275
1277
1279
1281
1282
1286
1288
1290
1292
1454
1602
1604
1605
1606
1607
1608
1609
1610
1611
1628
1774
1776
1778
1780
1782
1783
1787
1789
1790
1792
1951
1953
1955
1957
1959
1960
1962
1964
1966
1968
1970
2122
2124
2126
2128
2129
2133
2135
2137
2139
2286
2288
2291
2292
2293
2296
2298
2300
2302
2306
2445
2446
2447
2448
2450
2452
2454
2455
2459
2461
2463
2465
2629
2631
2633
2635
2637
2638
2642
2644
2646
2648
2792
2794
2796
2798
2802
2958
2960
2962
2964
2966
2967
2971
2973
2974
2976
3133
3135
3137
3139
3141
3144
3146
3148
3150
3154
3308
3309
3310
3311
3312
3313
3314
3315
3316
3317
3318
3319
3328
3332
3496
3498
3500
3502
3504
3506
3507
3509
3511
3513
3515
3517
3677
3679
3681
3683
3685
3686
3688
3690
3692
3694
3696
3832
3833
3834
3835
3836
3977
3978
3979
3980
3981
3982
3983
3984
3985
3986
3987
3988
3989
4005
4149
4151
4153
4155
4157
4158
4159
4162
4164
4166
4168
4172
4329
4331
4333
4335
4337
4338
4342
4344
4346
4348
4506
4507
4508
4509
4510
4511
4512
4513
4514
4515
4516
4526
4530
4681
4683
4685
4687
4689
4692
4694
4696
4698
4702
4864
4865
4866
4867
4868
4869
4870
4871
4872
4873
4874
4875
4876
4877
4878
4879
4886
4888
4890
5061
5063
5065
5067
5069
5072
5074
5076
5078
5080
5082
5230
5384
5386
5388
5390
5392
5393
5394
5397
5399
5401
5402
5405
5571
5573
5575
5578
5579
5583
5585
5587
5589
5728
5729
5730
5731
5732
5733
5735
5737
5740
5742
5744
5746
5748
5750
5898
5900
5902
5904
5906
5907
5911
5913
5915
5917
6055
6057
6061
6231
6232
6233
6234
6236
6237
6239
6240
6244
6246
6248
6250
6381
6382
6383
6384
6385
6386
6387
6388
6389
6393
6395
6397
6399
6555
6557
6559
6561
6563
6564
6566
6568
6570
6572
6574
6728
6730
6732
6734
6736
6737
6738
6741
6743
6745
6747
7056
7058
7059
7061
7062
7063
7066
7068
7070
7072
7076
7240
7242
7244
7246
7247
7248
7251
7253
7255
7257
7261
7410
7549
7551
7553
7555
7557
7558
7560
7562
7564
7566
7568
7720
7722
7724
7727
7728
7732
7734
7736
7738
7883
7884
7885
7886
7887
7888
7890
7891
7892
7895
7897
7899
7901
7905
8060
8062
8064
8066
8067
8069
8071
8073
8075
8077
8231
8232
8233
8234
8235
8236
8237
8238
8239
8240
8241
8242
8246
8248
8250
8254
8418
8419
8420
8421
8422
8423
8424
8425
8426
8427
8572
8573
8574
8575
8576
8577
8578
8580
8581
8582
8585
8587
8589
8591
8595
8748
8750
8752
8754
8756
8758
8759
8761
8763
8765
8767
8769
8920
8922
8924
8926
8928
8929
8930
8933
8935
8937
8939
9088
9090
9092
9094
9095
9096
9099
9101
9103
9105
9109
9250
9252
9254
9256
9258
9261
9263
9265
9267
9271
9432
9434
9436
9438
9440
9441
9442
9444
9446
9448
9450
9452
9767
9769
9771
9773
9775
9776
9778
9780
9782
9784
9786
9935
9941
9944
10097
10099
10101
10103
10104
10105
10108
10110
10112
10114
10118
10261
10263
10265
10267
10269
10272
10274
10276
10278
10280
10282
10420
10422
10424
10425
10427
10429
10430
10432
10434
10436
10438
10440
10594
10596
10598
10600
10602
10603
10607
10609
10611
10613
10750
10752
10754
10756
10758
10759
10761
10763
10765
10774
10929
10931
10933
10935
10937
10938
10940
10942
10944
10946
10948
11075
11077
11079
11081
11083
11085
11086
11088
11090
11092
11094
11096
11244
11246
11248
11250
11252
11253
11254
11257
11259
11261
11263
11422
11424
11426
11428
11429
11430
11433
11435
11437
11439
11443
11585
11587
11589
11591
11593
11596
11598
11600
11602
11606
11753
11755
11757
11759
11912
11914
11916
11918
11919
11921
11922
11926
11928
11930
11932
12079
12080
12081
12082
12083
12084
12085
12086
12087
12088
12089
12090
12091
12092
12093
12096
12098
12100
12102
12106
12262
12264
12266
12268
12269
12270
12273
12275
12442
12602
12604
12606
12608
12610
12611
12615
12617
12619
12621
12761
12763
12765
12767
12769
12771
12772
12774
12776
12778
12780
12782
12935
12937
12938
12940
12941
12942
12945
12947
12949
12951
12955
13108
13109
13110
13111
13112
13113
13114
13119
13121
13123
13127
13271
13273
13275
13277
13279
13282
13284
13286
13288
13291
13443
13445
13447
13449
13451
13452
13456
13458
13460
13462
13604
13606
13608
13610
13612
13615
13618
13620
13622
13624
13780
13782
13784
13786
13788
13790
13791
13793
13795
13797
13799
13801
13954
13956
13958
13960
14126
14128
14130
14132
14134
14135
14139
14141
14143
14145
14297
14298
14451
14453
14455
14457
14459
14462
14464
14466
14468
14470
14472
14628
14630
14632
14634
14636
14637
14641
14643
14645
14647
14803
14805
14807
14809
14811
14812
14814
14816
14818
14819
14821
14978
14980
14982
14983
14984
14985
14986
14987
15129
15130
15131
15132
15133
15136
15138
15140
15142
15144
15291
15292
15293
15294
15295
15296
15297
15298
15300
15302
15304
15305
15309
15311
15313
15314
15458
15460
15462
15464
15465
15466
15469
15471
15472
15474
15478
15623
15625
15627
15629
15631
15633
15634
15636
15638
15640
15642
15644
15794
15796
15798
15800
15802
15803
15807
15809
15811
15813
15968
15970
15973
15975
15976
15980
15982
15984
15986
16141
16142
16143
16144
16145
16152
16154
16156
16307
16462
16464
16466
16468
16470
16471
16475
16477
16479
16480
16634
16636
16638
16640
16642
16643
16644
16801
16802
16804
16806
16808
16809
16810
16813
16815
16817
16819
16822
16981
16982
16983
16984
16985
16986
16987
16988
16989
16990
16991
16992
16993
16994
16995
16996
17005
17009
17177
17178
17179
17180
17181
17182
17183
17185
17186
17187
17190
17371
17372
17374
17376
17378
17379
17380
17382
17384
17386
17388
17510
17511
17512
17513
17516
17518
17520
17522
17524
17677
17679
17681
17683
17684
17685
17686
17687
17855
17859
18015
18017
18019
18021
18022
18023
18026
18028
18030
18032
18036
18197
18198
18199
18200
18201
18202
18203
18204
18205
18206
18207
18208
18209
18210
18225
18374
18376
18378
18380
18381
18383
18384
18388
18390
18392
18394
18542
18689
18691
18693
18695
18697
18700
18702
18704
18706
18708
18710
18850
18851
18852
18854
18857
18858
18859
18862
18864
18866
18868
19026
19027
19028
19029
19030
19031
19032
19033
19034
19036
19037
19039
19041
19043
19045
19047
19208
19210
19212
19214
19216
19217
19219
19221
19223
19225
19227
19379
19380
19381
19382
19383
19384
19385
19386
19387
19388
19389
19390
19391
19392
19393
19394
19402
19404
19406
19544
19545
19546
19548
19550
19552
19553
19554
19557
19559
19561
19563
19567
19695
19697
19699
19701
19703
19704
19705
19708
19710
19712
19714
19863
19865
19867
19869
19870
19873
19875
19877
19879
19883
20044
20046
20048
20050
20052
20054
20055
20057
20059
20061
20063
20065
20203
20204
20205
20206
20207
20208
20209
20210
20211
20212
20213
20214
20215
20216
20217
20218
20224
20226
20228
20383
20385
20387
20389
20391
20392
20393
20396
20398
20400
20402
20566
20567
20568
20569
20570
20571
20572
20573
20574
20575
20576
20577
20587
20591
20749
20903
20905
20907
20909
20911
20914
20916
20918
20920
20923
21076
21077
21078
21079
21080
21081
21082
21083
21084
21085
21086
21087
21225
21227
21229
21231
21233
21234
21235
21238
21240
21242
21244
21248
21396
21398
21400
21402
21403
21404
21407
21409
21411
21413
21417
21567
21569
21571
21573
21575
21576
21578
21580
21582
21584
21586
21744
21745
21746
21747
21748
21749
21750
21752
21753
21754
21912
21914
21916
21918
21920
21922
21923
21925
21927
21929
21930
21932
22079
22081
22083
22085
22086
22089
22091
22093
22095
22097
22099
22249
22250
22251
22252
22253
22254
22255
22256
22257
22258
22259
22260
22266
22268
22270
22423
22425
22427
22428
22429
22430
22431
22589
22591
22593
22595
22597
22598
22601
22603
22605
22607
22767
22768
22769
22770
22771
22772
22773
22774
22775
22776
22777
22779
22781
22783
22785
22789
22938
22942
23087
23089
23091
23247
23249
23251
23253
23255
23256
23257
23260
23262
23264
23266
23436
23437
23438
23439
23440
23441
23443
23445
23447
23448
23450
23452
23454
23456
23458
23608
23610
23612
23613
23614
23615
23616
23617
23618
23619
23780
23782
23784
23786
23788
23792
23794
23796
23798
23945
23947
23949
23951
23953
23957
23959
23961
23963
24108
24110
24112
24114
24116
24119
24121
24123
24125
24129
24275
24277
24279
24281
24283
24284
24286
24288
24290
24292
24294
24450
24452
24454
24455
24456
24457
24458
24459
24620
24622
24624
24626
24627
24628
24629
24757
24759
24761
24763
24764
24765
24768
24770
24772
24774
24778
24929
24931
24933
24935
24936
24937
24940
24942
24944
24946
24950
25101
25103
25105
25107
25257
25259
25261
25263
25264
25266
25267
25271
25273
25275
25277
25424
25426
25428
25580
25582
25584
25586
25588
25589
25590
25593
25595
25597
25599
25754
25756
25758
25760
25762
25764
25765
25767
25769
25771
25773
25928
25930
25932
25934
25936
25939
25941
25943
25945
25948
26099
26100
26101
26102
26103
26104
26250
26251
26252
26253
26254
26255
26256
26257
26258
26259
26261
26262
26264
26266
26268
26270
26272
26420
26421
26426
26428
26430
26434
26584
26586
26588
26590
26592
26595
26597
26599
26601
26603
26605
26758
26760
26762
26764
26766
26932
26934
26936
26938
26940
26941
26942
26945
26947
26949
26950
26954
27101
27103
27105
27107
27109
27112
27114
27116
27118
27120
27121
27273
27275
27277
27279
27428
27430
27432
27434
27435
27436
27439
27441
27443
27445
27449
27589
27591
27593
27595
27597
27598
27599
27602
27604
27606
27608
27612
27763
27765
27767
27769
27771
27772
27776
27778
27780
27782
27927
27928
27929
27930
27931
27932
27934
27935
27936
27938
27940
27942
27944
28100
28102
28104
28106
28108
28109
28111
28113
28115
28117
28119
28276
28278
28280
28282
28425
28427
28429
28431
28432
28433
28436
28438
28440
28442
28446
28598
28599
28600
28601
28602
28603
28604
28605
28606
28607
28608
28609
28610
28611
28612
28613
28617
28619
28621
28623
28774
28776
28778
28780
28782
28783
28784
28787
28789
28791
28793
28797
28932
28933
28934
28935
28936
28937
28938
28939
28940
28941
28942
28946
28948
28950
28952
29114
29116
29118
29120
29121
29122
29125
29127
29129
29131
29134
29299
29301
29303
29305
29307
29309
29310
29312
29314
29316
29318
29319
29461
29465
29618
29620
29622
29624
29626
29629
29631
29633
29635
29637
29639
29783
29785
29787
29789
29791
29792
29796
29798
29800
29802
29954
29956
29958
29960
29962
29965
29967
29969
29971
29973
29975
30137
30138
30140
30142
30144
30145
30146
30149
30151
30153
30155
30159
30316
30318
30320
30322
30324
30325
30326
30500
30501
30502
30503
30504
30505
30506
30507
30508
30509
30510
30511
30512
30513
30514
30515
30526
30530
30682
30684
30686
30688
30689
30692
30694
30696
30698
30701
30818
30819
30820
30821
30822
30826
30828
30830
30832
30984
30986
30988
30990
30992
30993
30997
30999
31001
31003
31158
31160
31162
31164
31166
31169
31171
31173
31175
31177
31179
31334
31336
31337
31495
31497
31499
31501
31503
31505
31506
31508
31510
31512
31514
31516
31669
31670
31671
31672
31673
31674
31675
31676
31677
31678
31679
31680
31681
31682
31683
31684
31690
31692
31694
31845
31993
31995
31997
31999
32001
32002
32006
32008
32010
32012
32170
32172
32174
32176
32177
32178
32323
32325
32327
32329
32331
32332
32333
32336
32338
32340
32342
32499
32501
32503
32505
32506
32507
32510
32512
32514
32516
32520
32670
32672
32674
32676
32678
32680
32681
32683
32685
32687
32689
32691
32838
32840
32842
32844
32846
32847
32848
32851
32853
32855
32857
32966
32967
32968
32969
32970
32971
32972
32975
32977
32979
32981
32985
33135
33137
33139
33141
33143
33146
33148
33150
33152
33154
33156
33304
33305
33306
33307
33308
33309
33310
33311
33312
33313
33314
33315
33324
33328
33459
33461
33463
33465
33467
33468
33469
33644
33645
33646
33647
33648
33650
33652
33654
33655
33657
33659
33661
33663
33664
33832
33834
33836
33838
33840
33842
33843
33845
33847
33849
33851
33853
34005
34007
34009
34011
34158
34160
34162
34312
34313
34314
34315
34316
34317
34318
34319
34320
34321
34322
34323
34324
34325
34326
34335
34339
34499
34501
34503
34505
34507
34510
34512
34514
34516
34518
34520
34675
34677
34679
34681
34683
34684
34685
34688
34690
34692
34694
34698
34832
34834
34836
34838
34840
34843
34845
34847
34849
34853
35017
35018
35019
35020
35021
35022
35023
35024
35025
35026
35027
35030
35032
35034
35036
35040
35165
35166
35167
35168
35175
35328
35330
35333
35335
35337
35338
35340
35342
35344
35346
35348
35501
35502
35503
35504
35505
35506
35507
35508
35509
35510
35511
35512
35691
35693
35695
35697
35699
35701
35702
35704
35706
35708
35710
35711
35864
35866
35868
35870
35872
36019
36021
36023
36025
36027
36028
36030
36032
36034
36036
36038
36188
36190
36192
36194
36331
36333
36335
36337
36339
36343
36345
36347
36349
36499
36501
36503
36505
36506
36507
36509
36511
36513
36515
36518
36672
36674
36676
36678
36679
36680
36681
36849
36850
36851
36852
36853
36854
36855
36856
36857
36858
36859
36860
36869
37002
37004
37008
37164
37166
37168
37170
37172
37173
37174
37177
37179
37181
37183
37319
37320
37321
37322
37323
37324
37325
37326
37327
37328
37329
37330
37331
37332
37333
37334
37341
37343
37345
37500
37501
37505
37657
37658
37659
37660
37661
37662
37663
37664
37665
37666
37667
37668
37669
37684
37811
37813
37816
37817
37818
37821
37823
37825
37827
37831
37995
37996
37997
37998
37999
38000
38001
38002
38003
38004
38005
38006
38007
38022
38161
38163
38165
38167
38169
38172
38174
38176
38178
38182
38335
38337
38339
38341
38345
38486
38488
38490
38492
38494
38497
38499
38501
38503
38506
38655
38657
38659
38661
38662
38663
38666
38668
38670
38672
38838
38840
38842
38844
38846
38847
38848
38851
38853
38855
38857
39011
39013
39015
39017
39018
39019
39022
39024
39026
39028
39032
39186
39188
39190
39192
39194
39195
39197
39199
39201
39203
39205
39361
39362
39363
39364
39365
39504
39505
39506
39507
39508
39509
39510
39511
39512
39513
39529
39673
39678
39680
39682
39686
39836
39838
39840
39842
39844
39846
39847
39849
39851
40017
40019
40021
40023
40025
40028
40030
40032
40034
40038
40195
40197
40199
40201
40203
40204
40207
40209
40211
40213
40217
40372
40374
40376
40378
40379
40380
40383
40385
40387
40389
40392
40539
40540
40542
40544
40546
40547
40549
40551
40553
40555
40557
40698
40701
40848
40850
40852
40854
40856
40859
40861
40863
40865
40868
41008
41009
41010
41011
41013
41015
41017
41018
41022
41024
41026
41028
41176
41178
41180
41182
41184
41185
41189
41191
41193
41195
41355
41357
41359
41361
41363
41364
41368
41370
41372
41374
41533
41535
41537
41539
41540
41541
41544
41546
41548
41550
41554
41705
41707
41709
41711
41713
41714
41716
41718
41720
41722
41724
41855
41857
41859
41861
41862
41863
41866
41868
41870
41872
41876
42037
42039
42041
42043
42045
42046
42047
42050
42052
42054
42056
42060
42210
42211
42212
42213
42358
42359
42360
42361
42362
42363
42364
42365
42366
42368
42369
42371
42373
42375
42377
42378
42658
42660
42662
42663
42665
42666
42667
42670
42672
42674
42676
42680
42823
42964
42966
42968
42970
42972
42975
42977
42979
42981
42985
43134
43136
43138
43140
43142
43143
43145
43147
43148
43150
43152
43295
43296
43297
43298
43299
43301
43303
43305
43306
43308
43310
43312
43314
43316
43477
43479
43481
43483
43485
43486
43487
43490
43492
43494
43496
43630
43632
43634
43636
43637
43638
43641
43643
43645
43647
43651
43803
43804
43805
43806
43807
43808
43810
43812
43815
43817
43819
43821
43825
43946
43948
43950
43952
43954
43955
43956
43959
43961
43963
43965
43969
44122
44124
44126
44128
44130
44131
44133
44135
44137
44139
44141
44288
44290
44292
44294
44296
44297
44298
44300
44302
44304
44305
44308
44454
44456
44458
44460
44461
44462
44465
44467
44469
44471
44475
44635
44637
44639
44641
44643
44644
44648
44650
44652
44654
44812
44814
44816
44818
44820
44821
44825
44827
44829
44831
45127
45129
45131
45133
45134
45135
45138
45140
45142
45144
45148
45282
45283
45284
45285
45287
45289
45291
45292
45296
45298
45300
45302
45450
45452
45454
45456
45457
45458
45461
45463
45465
45467
45471
45617
45619
45621
45623
45625
45627
45629
45631
45633
45637
45785
45787
45789
45791
45792
45793
45796
45798
45800
45802
45805
45944
45946
45948
45950
45952
45953
45955
45957
45959
45961
45963
46099
46101
46103
46105
46107
46110
46112
46114
46116
46120
46273
46275
46277
46279
46281
46283
46284
46286
46288
46290
46292
46294
46443
46444
46445
46446
46447
46448
46449
46450
46451
46452
46453
46454
46455
46456
46457
46458
46465
46467
46469
46624
46626
46628
46630
46631
46632
46633
46634
46787
46789
46791
46793
46795
46796
46800
46802
46804
46806
46959
46960
46961
46962
46963
46964
46965
46966
46967
46968
46969
46970
46971
46972
46973
46974
46978
46980
46982
46984
47129
47133
47271
47273
47275
47277
47279
47280
47284
47286
47288
47289
47427
47429
47431
47433
47434
47435
47438
47440
47442
47444
47448
47599
47600
47601
47602
47603
47604
47605
47606
47607
47609
47610
47614
47616
47618
47620
47766
47768
47770
47772
47774
47775
47778
47780
47782
47784
47788
47952
47954
47956
47958
47960
47961
47965
47967
47969
47971
48111
48112
48113
48114
48116
48118
48120
48124
48126
48128
48130
48276
48278
48280
48282
48283
48284
48287
48289
48291
48293
48439
48441
48442
48596
48598
48600
48602
48604
48605
48609
48611
48613
48615
48778
48780
48782
48784
48785
48786
48787
48788
48936
48938
48940
48942
48944
48945
48948
48950
48951
49091
49093
49095
49097
49099
49101
49102
49104
49106
49108
49110
49112
49262
49264
49266
49268
49418
49420
49422
49423
49425
49426
49427
49430
49432
49434
49436
49440
49582
49584
49586
49743
49745
49747
49749
49751
49752
49753
49756
49758
49760
49762
49915
49917
49919
49921
49922
49923
49926
49928
49930
49932
49936
50079
50081
50083
50085
50087
50088
50090
50092
50094
50096
50098
50247
50249
50251
50253
50255
50256
50257
50260
50262
50264
50266
50578
50580
50582
50584
50586
50587
50590
50592
50594
50596
50599
50756
50758
50760
50762
50764
50767
50769
50771
50773
50775
50777
50937
50939
50941
50942
50943
50944
50945
50946
51109
51111
51113
51115
51117
51119
51120
51122
51124
51125
51127
51129
51281
51283
51285
51287
51289
51292
51294
51296
51298
51301
51452
51454
51456
51458
51462
51608
51744
51746
51748
51750
51752
51753
51754
51757
51759
51761
51763
51767
51920
51921
51922
51923
51924
51925
51926
51927
51928
51929
51930
51931
51932
51933
51934
51935
51945
51948
52095
52096
52097
52098
52099
52100
52101
52102
52104
52105
52109
52111
52113
52115
52274
52276
52278
52280
52282
52283
52287
52289
52291
52293
52449
52451
52453
52455
52456
52457
52460
52462
52464
52466
52470
52611
52612
52613
52614
52615
52617
52618
52619
52623
52625
52627
52631
52755
52757
52759
52761
52763
52765
52766
52768
52770
52771
52773
52775
52962
52964
52966
52968
52970
52973
52975
52977
52979
52981
52983
53134
53136
53138
53140
53142
53143
53145
53147
53149
53151
53153
53294
53295
53296
53297
53298
53302
53304
53306
53308
53464
53466
53468
53470
53471
53472
53634
53636
53638
53639
53641
53642
53645
53647
53649
53651
53655
53792
53938
53940
53942
53944
53945
53946
53949
53951
53953
53955
53959
54088
54090
54092
54094
54096
54097
54101
54103
54105
54107
54267
54269
54271
54273
54274
54275
54278
54280
54282
54284
54288
54430
54432
54434
54436
54437
54438
54441
54443
54445
54446
54450
54592
54594
54598
54763
54764
54765
54767
54769
54771
54772
54773
54776
54778
54780
54782
54909
54910
54911
54912
54913
54914
54915
54916
54917
54918
54919
54920
54921
54922
54923
54927
54929
54931
54933
55080
55082
55084
55086
55088
55090
55091
55093
55095
55097
55099
55101
55249
55251
55253
55255
55257
55259
55260
55261
55263
55265
55266
55268
55426
55427
55428
55429
55430
55431
55432
55433
55434
55436
55437
55441
55442
55444
55446
55604
55606
55608
55610
55611
55614
55616
55783
55785
55787
55789
55791
55792
55796
55798
55800
55802
56105
56107
56109
56111
56112
56113
56116
56118
56120
56122
56126
56267
56269
56271
56273
56275
56277
56278
56280
56281
56282
56284
56285
56435
56437
56439
56441
56443
56444
56445
56448
56450
56452
56454
56458
56606
56608
56610
56612
56614
56617
56619
56621
56623
56627
56778
56780
56782
56784
56786
56787
56958
56959
56960
56970
57100
57101
57102
57103
57104
57105
57106
57107
57109
57110
57111
57114
57116
57117
57118
57272
57274
57276
57278
57280
57281
57285
57287
57289
57291
57420
57422
57424
57426
57429
57430
57432
57434
57436
57438
57440
57585
57587
57589
57591
57593
57594
57598
57600
57602
57604
57760
57762
57764
57766
57768
57771
57773
57775
57777
57781
57932
57934
57936
57938
57940
57941
57944
57945
57947
57949
58076
58080
58224
58226
58228
58230
58232
58233
58235
58237
58239
58241
58243
58389
58391
58393
58395
58397
58398
58399
58401
58403
58405
58407
58411
58554
58556
58558
58560
58561
58562
58565
58567
58569
58571
58575
58716
58719
58721
58723
58724
58725
58728
58730
58732
58734
58738
58884
58886
58888
58890
58892
58895
58897
58899
58901
58905
59056
59057
59058
59059
59060
59061
59062
59063
59064
59065
59066
59067
59068
59069
59083
59227
59228
59229
59230
59231
59232
59233
59234
59235
59237
59238
59242
59244
59246
59248
59397
59399
59400
59522
59524
59526
59528
59530
59531
59533
59535
59537
59539
59541
59697
59700
59702
59703
59704
59707
59709
59711
59713
59716
59884
59886
59888
59890
59891
59892
59893
60063
60064
60065
60066
60067
60068
60069
60070
60071
60072
60073
60074
60075
60076
60077
60088
60092
60233
60235
60237
60239
60393
60395
60397
60399
60401
60402
60406
60408
60410
60412
60567
60569
60571
60573
60575
60577
60578
60580
60582
60584
60586
60588
60736
60738
60740
60742
60744
60745
60749
60751
60753
60755
60913
60914
60915
60919
60921
60923
60927
61087
61089
61091
61093
61095
61096
61098
61100
61102
61104
61106
61262
61264
61266
61268
61270
61271
61272
61275
61277
61279
61281
61285
61403
61405
61407
61409
61410
61411
61582
61584
61586
61588
61590
61591
61595
61597
61599
61601
61728
61731
61733
61735
61737
61738
61740
61742
61744
61745
61747
61893
61895
61897
61899
61900
61901
61904
61906
61908
61910
61914
62058
62060
62062
62064
62066
62069
62071
62073
62075
62078
62212
62214
62216
62218
62220
62223
62225
62227
62229
62233
62381
62383
62385
62538
62540
62542
62544
62546
62547
62551
62553
62555
62557
62706
62708
62710
62712
62713
62714
62717
62719
62721
62723
62727
62874
63030
63032
63034
63036
63038
63040
63041
63043
63045
63047
63049
63051
63209
63211
63213
63216
63392
63394
63396
63398
63400
63401
63404
63406
63408
63565
63566
63567
63718
63719
63720
63721
63722
63723
63724
63725
63726
63878
63880
63882
63884
63885
63886
63889
63891
63893
63895
63899
64047
64048
64049
64050
64051
64052
64053
64054
64055
64056
64057
64058
64059
64060
64061
64062
64073
64077
64224
64226
64228
64230
64231
64232
64235
64237
64239
64241
64245
64399
64401
64403
64405
64407
64408
64412
64414
64416
64418
