1
3
5
7
10
13
17
18
19
131
133
135
137
139
142
146
150
323
325
327
329
331
334
338
342
508
510
512
514
516
518
522
526
698
700
702
704
706
707
711
715
888
890
892
894
896
897
901
905
1087
1089
1091
1093
1095
1097
1100
1104
1248
1250
1252
1254
1258
1432
1434
1436
1438
1440
1441
1445
1449
1623
1625
1627
1629
1631
1634
1638
1642
1816
1818
1820
1822
1824
1825
1829
1833
2015
2018
2020
2022
2023
2027
2031
2192
2194
2196
2199
2201
2205
2373
2375
2377
2379
2381
2383
2384
2388
2392
2551
2553
2555
2557
2559
2561
2562
2566
2570
2745
2746
2748
2750
2752
2755
2759
2763
2932
2934
2936
2938
2940
2942
2945
3117
3119
3121
3123
3125
3126
3130
3134
3304
3306
3308
3310
3312
3315
3319
3323
3501
3503
3505
3507
3509
3512
3516
3520
3693
3695
3697
3700
3849
3851
3853
3855
3857
3858
3862
3866
4037
4039
4041
4043
4045
4048
4052
4056
4207
4209
4211
4213
4215
4218
4222
4226
4400
4402
4404
4406
4408
4409
4413
4417
4553
4555
4557
4559
4560
4564
4568
4725
4727
4729
4731
4733
4736
4739
4909
4911
4913
4915
4916
4917
5081
5083
5085
5087
5089
5090
5094
5098
5267
5269
5271
5273
5275
5276
5280
5284
5609
5611
5613
5615
5617
5620
5624
5807
5809
5811
5813
5815
5816
5820
5823
6002
6004
6006
6008
6010
6012
6014
6150
6151
6153
6155
6157
6159
6160
6164
6168
6340
6342
6344
6346
6348
6349
6353
6357
6528
6530
6532
6534
6536
6537
6541
6545
6719
6721
6723
6725
6727
6730
6734
6738
6890
6892
6894
6896
6897
6898
6902
6906
7070
7072
7074
7076
7078
7080
7081
7085
7089
7245
7247
7249
7251
7253
7254
7258
7262
7263
7264
7265
7266
7421
7423
7425
7427
7429
7431
7435
7439
7608
7610
7612
7614
7616
7619
7622
7792
7794
7796
7798
7800
7801
7805
7809
7967
7969
7971
7973
7975
7976
7977
7980
7984
8159
8161
8163
8165
8167
8168
8172
8176
8344
8346
8348
8350
8352
8353
8357
8360
8503
8505
8507
8508
8510
8511
8513
8517
8680
8682
8684
8686
8688
8691
8695
8699
8868
8870
8872
8874
8876
8877
8881
9045
9047
9049
9051
9053
9056
9059
9063
9214
9216
9218
9220
9221
9222
9226
9230
9401
9403
9405
9407
9409
9412
9416
9420
9574
9576
9578
9580
9582
9583
9584
9753
9755
9756
9758
9760
9761
9765
9769
9922
9924
9926
9928
9930
9931
9935
9939
10112
10114
10116
10118
10121
10125
10129
10271
10273
10275
10277
10279
10282
10286
10290
10457
10459
10461
10463
10465
10468
10472
10646
10648
10650
10652
10654
10656
10660
10664
10808
10810
10812
10814
10816
10817
10821
10825
10990
10992
10993
10995
10996
10998
10999
11003
11006
11186
11188
11361
11363
11365
11367
11369
11370
11374
11378
11549
11551
11553
11555
11557
11560
11564
11568
11713
11715
11717
11719
11721
11722
11723
11900
11902
11903
11905
11907
11910
11914
11918
11919
11920
11921
12064
12066
12068
12070
12072
12073
12077
12254
12256
12258
12260
12262
12264
12267
12271
12444
12446
12448
12450
12452
12455
12459
12463
12627
12629
12631
12633
12635
12641
12645
12819
12821
12823
12825
12827
12830
12834
12838
13016
13018
13020
13022
13024
13026
13029
13178
13180
13182
13184
13186
13189
13193
13196
13349
13351
13353
13355
13357
13359
13360
13362
13366
13540
13542
13544
13546
13548
13550
13553
13556
13732
13734
13736
13738
13740
13743
13747
13751
13898
13900
13902
13904
13905
13909
13913
14087
14089
14091
14093
14095
14098
14102
14106
14247
14249
14251
14253
14255
14258
14262
14266
14422
14424
14426
14428
14430
14433
14437
14441
14610
14612
14614
14616
14618
14621
14625
14629
14792
14794
14796
14798
14800
14803
14807
14811
14982
14984
14986
14988
14990
14992
14995
14999
15156
15158
15160
15162
15164
15166
15167
15171
15175
15350
15352
15354
15356
15358
15361
15365
15513
15515
15519
15522
15673
15675
15677
15680
15683
15687
15862
15864
15866
15868
15869
15873
15877
16027
16029
16031
16033
16035
16037
16038
16040
16043
16223
16225
16227
16229
16231
16233
16234
16237
16241
16412
16414
16416
16418
16420
16422
16423
16426
16429
16593
16595
16597
16599
16601
16607
16611
16773
16775
16778
16780
16781
16925
16927
16929
16932
16938
16942
17117
17119
17121
17123
17125
17127
17128
17131
17135
17307
17309
17311
17313
17315
17321
17325
17499
17501
17503
17505
17507
17509
17510
17513
17517
17694
17696
17698
17700
17702
17704
17705
17865
17867
17869
17871
18016
18018
18020
18025
18194
18196
18198
18200
18202
18208
18370
18372
18374
18377
18526
18528
18530
18532
18534
18536
18537
18540
18544
18719
18721
18723
18725
18727
18733
18737
18914
18916
18918
18920
18922
18928
18932
19108
19110
19112
19114
19116
19117
19118
19119
19283
19285
19287
19289
19291
19297
19301
19460
19462
19464
19466
19468
19470
19646
19648
19650
19652
19654
19656
19661
19833
19835
19837
19839
19845
19991
19993
19995
19997
19999
20001
20002
20005
20009
20188
20190
20192
20194
20196
20198
20199
20201
20335
20337
20339
20341
20344
20511
20513
20515
20517
20519
20521
20522
20525
20529
20668
20670
20672
20674
20676
20681
20857
20859
20861
20863
20865
20867
20873
21048
21050
21053
21055
21061
21065
21210
21212
21214
21216
21218
21220
21221
21224
21228
21401
21403
21405
21407
21409
21410
21411
21412
21580
21582
21584
21586
21588
21590
21591
21594
21598
21784
21786
21788
21790
21792
21798
21943
21945
21947
21949
21951
21955
21959
22124
22126
22128
22130
22132
22134
22135
22138
22142
22319
22321
22323
22325
22327
22329
22333
22337
22515
22517
22519
22521
22523
22525
22669
22671
22673
22676
22677
22838
22840
22842
22844
22846
22848
22849
22850
22853
23000
23002
23004
23006
23008
23009
23012
23016
23187
23189
23191
23193
23195
23373
23376
23378
23380
23382
23383
23386
23390
23556
23558
23560
23562
23564
23565
23568
23572
23758
23760
23762
23764
23766
23772
23776
23777
23778
23779
23943
23945
23947
23949
23951
23953
23957
23961
24124
24126
24128
24130
24132
24134
24135
24138
24142
24323
24325
24327
24329
24331
24333
24337
24339
24512
24514
24516
24518
24520
24522
24523
24526
24530
24707
24709
24711
24713
24715
24717
24720
24724
24904
24906
24908
24910
24912
24913
24916
25048
25050
25052
25054
25056
25057
25059
25229
25231
25233
25235
25237
25399
25401
25403
25405
25407
25409
25410
25413
25417
25593
25595
25597
25599
25601
25607
25766
25768
25770
25771
25773
25775
25776
25779
25783
25969
25971
25973
25974
25976
25977
25980
25984
26154
26156
26158
26160
26162
26168
26172
26173
26174
26332
26334
26336
26338
26340
26342
26343
26346
26350
26519
26521
26523
26525
26527
26532
26535
26685
26687
26689
26691
26693
26699
26703
26873
26875
26877
26879
26881
26883
26887
26891
27045
27047
27049
27051
27053
27059
27063
27243
27245
27247
27249
27251
27411
27413
27415
27417
27420
27578
27580
27582
27584
27586
27588
27592
27596
27766
27768
27770
27772
27774
27776
27782
27952
27956
27959
28143
28145
28147
28149
28151
28153
28154
28157
28322
28324
28326
28328
28330
28335
28339
28513
28515
28517
28519
28521
28522
28525
28529
28679
28681
28683
28685
28687
28693
28697
28865
28867
28870
28872
28877
29054
29056
29058
29060
29062
29066
29069
29247
29249
29251
29253
29255
29256
29259
29263
29437
29439
29441
29443
29445
29451
29455
29635
29637
29639
29641
29643
29649
29653
29806
29808
29810
29812
29815
29963
29965
29967
29969
29971
29977
29981
30152
30154
30156
30158
30160
30166
30170
30350
30352
30354
30356
30358
30360
30361
30363
30366
30538
30540
30542
30544
30546
30552
30556
30739
30741
30743
30745
30747
30749
30750
30753
30755
30922
30924
30926
30928
30930
30936
30940
31115
31117
31119
31121
31122
31123
31287
31289
31291
31293
31295
31301
31305
31491
31493
31495
31497
31499
31505
31509
31691
31693
31695
31697
31699
31702
31706
31872
31874
31876
31878
31880
31886
31890
32072
32074
32076
32078
32080
32086
32090
32265
32267
32269
32271
32273
32274
32277
32281
32424
32426
32428
32430
32432
32434
32435
32438
32614
32616
32618
32620
32622
32624
32630
32634
32810
32812
32814
32816
32818
32820
32821
32824
32828
32995
32997
32999
33001
33003
33009
33011
33159
33161
33163
33165
33167
33169
33170
33173
33177
33357
33359
33360
33362
33364
33365
33368
33372
33547
33549
33551
33553
33554
33555
33556
33726
33728
33730
33732
33734
33735
33738
33741
33916
33918
33920
33922
33924
33928
33932
34081
34083
34085
34087
34089
34095
34099
34272
34274
34276
34278
34284
34288
34469
34471
34473
34475
34477
34480
34484
34661
34663
34665
34667
34669
34671
34674
34678
34837
34839
34840
34842
34843
34847
35013
35015
35017
35019
35021
35023
35024
35028
35032
35205
35207
35209
35211
35213
35214
35218
35397
35399
35401
35403
35405
35406
35409
35585
35587
35589
35591
35593
35596
35736
35738
35740
35742
35744
35746
35747
35751
35755
35932
35934
35936
35938
35940
35941
35945
35949
35950
35951
35952
35953
36096
36098
36100
36102
36104
36105
36109
36113
36287
36289
36291
36293
36295
36297
36300
36304
36462
36464
36466
36468
36470
36472
36473
36477
36481
36648
36650
36652
36654
36656
36657
36661
36665
36836
36838
36840
36842
36844
36845
36849
36852
37035
37037
37039
37041
37043
37046
37050
37198
37200
37202
37204
37206
37209
37210
37380
37382
37384
37387
37389
37392
37395
37542
37544
37546
37548
37550
37553
37557
37561
37708
37710
37712
37714
37716
37719
37723
37888
37890
37892
37893
37895
37897
37898
37902
37906
38052
38054
38056
38058
38060
38061
38062
38065
38069
38240
38242
38244
38246
38248
38251
38255
38259
38260
38261
38262
38427
38428
38430
38432
38435
38439
38443
38619
38621
38623
38625
38627
38630
38634
38638
38811
38813
38815
38817
38819
38822
38826
38830
39016
39018
39020
39022
39024
39027
39031
39214
39216
39218
39220
39222
39224
39225
39230
39403
39405
39407
39409
39411
39414
39418
39574
39576
39578
39580
39582
39583
39587
39741
39743
39745
39747
39749
39755
39759
39930
39932
39934
39936
39938
39940
39943
39947
40128
40130
40132
40134
40135
40138
40322
40324
40326
40328
40330
40333
40337
40341
40517
40519
40521
40523
40525
40528
40532
40536
40713
40715
40717
40719
40721
40724
40728
40732
40882
40884
40886
40887
40889
40890
40894
40898
41088
41090
41092
41094
41096
41099
41103
41275
41277
41279
41281
41283
41284
41288
41292
41462
41464
41466
41468
41470
41473
41477
41481
41654
41656
41658
41660
41662
41663
41667
41671
41835
41837
41839
41841
41844
41848
41852
42000
42002
42004
42006
42010
42148
42150
42152
42154
42156
42159
42163
42166
42336
42338
42340
42342
42344
42347
42351
42355
42524
42526
42528
42530
42533
42536
42538
42718
42721
42723
42725
42728
42732
42736
42916
42918
42920
42923
42926
42930
42934
43103
43105
43107
43109
43110
43119
43305
43308
43310
43312
43313
43470
43472
43474
43476
43478
43479
43483
43487
43673
43675
43677
43679
43681
43684
43688
43857
43859
43861
43863
43865
43869
43873
44051
44053
44055
44057
44059
44060
44064
44068
44252
44254
44256
44258
44260
44262
44265
44269
44443
44445
44447
44449
44606
44608
44610
44612
44614
44617
44620
44803
44805
44807
44809
44811
44812
44816
44820
44999
45001
45003
45005
45007
45009
45013
45191
45193
45195
45197
45199
45202
45205
45209
45385
45387
45389
45391
45393
45395
45399
45403
45571
45573
45575
45580
45752
45754
45756
45757
45758
45759
45936
45938
45940
45942
45944
45947
45950
45954
46116
46119
46121
46123
46126
46130
46134
46312
46314
46316
46318
46320
46323
46327
46331
46516
46518
46520
46522
46524
46525
46529
46533
46695
46697
46699
46701
46703
46706
46710
46891
46893
46895
46897
46899
46902
46906
47085
47087
47089
47091
47093
47094
47097
47100
47256
47258
47260
47262
47264
47267
47271
47275
47447
47449
47451
47453
47455
47457
47458
47462
47465
47645
47647
47649
47651
47653
47656
47660
47664
47842
47844
47846
47848
47850
47853
47857
47861
48035
48037
48039
48041
48043
48046
48049
48223
48225
48227
48229
48230
48231
48232
48233
48410
48412
48414
48416
48418
48419
48423
48427
48611
48613
48615
48617
48619
48620
48624
48628
48806
48808
48810
48812
48814
48817
48821
48825
48997
48999
49001
49003
49005
49007
49008
49012
49016
49172
49174
49176
49178
49180
49183
49187
49376
49378
49380
49382
49384
49385
49389
49393
49542
49544
49546
49548
49550
49553
49557
49561
49729
49731
49733
49735
49737
49738
49742
49746
49891
49893
49895
49897
49899
49901
49902
49906
50088
50090
50093
50095
50098
50102
50106
50277
50278
50280
50281
50283
50286
50290
50294
50451
50453
50455
50457
50459
50461
50462
50469
50643
50645
50647
50649
50651
50653
50654
50658
50662
50663
50664
50665
50824
50826
50827
50829
50830
50833
50837
50841
51021
51023
51025
51027
51029
51032
51036
51040
51223
51225
51227
51229
51231
51234
51238
51242
51406
51408
51410
51412
51414
51416
51417
51421
51425
51606
51608
51610
51611
51614
51796
51798
51800
51802
51804
51807
51811
51973
51975
51977
51979
51981
51984
51988
51992
52170
52172
52174
52176
52178
52181
52185
52365
52366
52368
52370
52371
52375
52379
52542
52544
52546
52548
52550
52551
52553
52725
52727
52729
52731
52733
52734
52919
52921
52923
52924
52927
52931
52935
53105
53107
53109
53111
53113
53115
53116
53120
53124
53125
53279
53281
53283
53285
53287
53288
53292
53296
53456
53458
53460
53462
53464
53465
53469
53473
53659
53661
53663
53665
53667
53670
53674
53678
53855
53857
53859
53861
53863
53866
53870
54047
54049
54051
54053
54055
54058
54062
54066
54227
54229
54231
54233
54235
54236
54240
54244
54392
54394
54396
54398
54400
54402
54403
54407
54411
54585
54587
54589
54591
54593
54596
54600
54762
54764
54766
54768
54770
54773
54777
54781
54957
54959
54961
54963
54965
54967
54970
54974
55155
55157
55159
55161
55163
55166
55168
55171
55340
55342
55343
55345
55347
55348
55352
55356
55533
55535
55537
55539
55541
55547
55551
55709
55711
55713
55715
55716
55720
55724
55903
55905
55906
55908
55910
55913
55917
56098
56100
56102
56104
56106
56109
56113
56117
56305
56307
56309
56311
56313
56315
56319
56323
56495
56497
56499
56501
56503
56506
56510
56691
56693
56695
56697
56699
56700
56704
56708
56887
56889
56891
56893
56895
56897
56898
57045
57047
57049
57051
57053
57055
57058
57062
57245
57247
57249
57251
57253
57256
57259
57263
57435
57437
57439
57441
57443
57446
57450
57607
57609
57611
57613
57615
57618
57622
57626
57792
57794
57795
57797
57799
57802
57806
57984
57986
57988
57990
57992
57995
57999
58160
58162
58164
58166
58167
58168
58338
58340
58342
58344
58345
58346
58350
58354
58541
58543
58545
58547
58549
58552
58556
58731
58733
58735
58737
58739
58740
58744
58748
58909
58911
58913
58915
58917
58920
58924
58928
59106
59108
59110
59112
59114
59115
59119
59123
59297
59299
59301
59303
59304
59310
59314
59463
59465
59467
59469
59471
59475
59479
59656
59659
59661
59665
59669
59673
59848
59850
59852
59854
59856
59858
60006
60008
60010
60012
60014
60017
60021
60193
60194
60196
60198
60200
60202
60206
60210
60383
60385
60387
60389
60391
60394
60398
60572
60574
60576
60578
60579
60580
60758
60760
60762
60764
60766
60767
60771
60775
60948
60950
60952
60954
60955
60959
60963
61149
61151
61153
61155
61157
61159
61162
61166
61352
61354
61356
61358
61360
61363
61367
61541
61543
61545
61547
61549
61550
61554
61558
61739
61741
61743
61745
61747
61750
61754
61758
61910
61912
61914
61916
61918
61921
61925
61929
62106
62108
62110
62112
62114
62115
62119
62123
62300
62302
62304
62306
62308
62311
62315
62319
62495
62497
62499
62501
62503
62505
62506
62509
62512
62693
62695
62697
62699
62701
62702
62706
62710
62891
62893
62895
62897
62899
62900
62904
62908
63084
63086
63088
63090
63092
63095
63099
63103
63104
63105
63106
63257
63259
63261
63263
63265
63268
63272
63439
63440
63442
63444
63446
63449
63453
63630
63632
63634
63636
63638
63641
63645
63649
63830
63832
63834
63836
63838
63839
63843
63847
64022
64024
64026
64028
64030
64033
64037
64041
64218
64220
64222
64224
64226
64229
64233
64237
64394
64396
64398
64400
64402
64405
64409
64413
64587
64589
64591
64593
64595
64598
64602
64606
64779
64780
64782
64784
64786
64787
64791
64794
64969
64971
64973
64975
64977
64980
64984
64988
65164
65166
65168
65170
65172
65175
65179
65363
65365
65367
65369
65371
65375
65379
65561
65563
65565
65567
65569
65572
65576
65580
65581
65742
65743
65745
65747
65749
65750
65754
65758
65925
65927
65929
65931
65933
65935
65938
65942
66122
66124
66126
66128
66130
66132
66133
66137
66141
66313
66315
66317
66319
66321
66323
66327
66331
66509
66511
66513
66515
66517
66520
66524
66528
66683
66685
66687
66689
66691
66694
66698
66702
66859
66860
66862
66864
66866
66868
66871
66875
67049
67051
67052
67054
67056
67059
67062
67066
67238
67240
67242
67244
67246
67248
67249
67253
67257
67429
67431
67433
67435
67437
67438
67442
67446
67620
67622
67624
67626
67628
67629
67633
67637
67812
67814
67816
67818
67820
67985
67987
67988
67990
67992
67998
68002
68175
68177
68179
68181
68183
68184
68188
68192
68375
68376
68378
68380
68382
68385
68389
68393
68567
68569
68570
68572
68574
68575
68579
68583
