166
170
174
335
339
343
516
520
524
696
700
872
876
880
1058
1062
1393
1397
1401
1556
1560
1564
1738
1742
1746
1916
1920
1924
2079
2081
2403
2407
2585
2589
2593
2769
2773
2939
2943
2947
3124
3128
3299
3303
3307
3453
3454
3455
3591
3595
3771
3775
3778
3949
3953
3957
4137
4141
4145
4315
4319
4654
4656
4835
4839
5002
5006
5010
5194
5197
5201
5383
5387
5565
5569
5573
5725
5726
5896
6063
6067
6071
6247
6251
6415
6418
6578
6582
6586
6772
6887
6890
6894
7072
7075
7079
7253
7257
7433
7437
7441
7616
7620
7624
7805
7809
7974
7975
8131
8135
8139
8304
8308
8310
8464
8468
8472
8652
8656
8660
8816
8820
9001
9005
9168
9172
9176
9358
9362
9365
9538
9542
9716
9720
9724
9900
9904
10066
10070
10238
10242
10402
10406
10409
10580
10584
10588
10745
10749
10752
10914
10918
10922
11094
11098
11100
11256
11258
11424
11428
11432
11614
11618
11780
11784
11788
11959
11962
11966
12143
12147
12328
12332
12336
12514
12518
12522
12669
12842
12846
12849
13019
13021
13196
13200
13204
13373
13377
13381
13508
13512
13843
13847
14028
14032
14202
14206
14210
14384
14388
14392
14544
14548
14552
14722
14726
14729
14876
14878
15056
15060
15062
15240
15244
15421
15425
15609
15613
15783
15785
15789
16103
16107
16111
16288
16292
16461
16465
16469
16642
16646
16650
16837
16841
17023
17027
17159
17160
17335
17339
17341
17508
17511
17515
17694
17698
17885
17889
17893
18086
18090
18271
18275
18279
18421
18425
18429
18603
18607
18610
18763
18767
18771
18955
18959
18963
19148
19152
19473
19476
19478
19650
19654
19657
19832
19836
19840
20012
20015
20018
20193
20196
20200
20388
20392
20566
20570
20745
20749
20753
20943
20947
20951
21107
21111
21115
21305
21309
21495
21499
21503
21671
21675
21679
21836
22013
22017
22179
22183
22187
22369
22373
22564
22568
22769
22773
22777
22935
22939
22943
23119
23123
23304
23308
23312
23479
23482
23661
23665
23669
23848
23852
24003
24006
24170
24173
24177
24320
24322
24502
24506
24510
24695
24699
24703
24837
24841
25018
25022
25026
25213
25217
25547
25551
25555
25732
25736
25740
25914
25918
25922
26100
26104
26108
26287
26291
26466
26470
26474
26615
26618
26800
26804
26971
26975
26979
27163
27167
27171
27350
27354
27358
27528
27532
27888
27891
27895
28230
28233
28236
28413
28417
28421
28583
28587
28756
28760
28764
28932
28935
29088
29092
29095
29271
29275
29279
29455
29459
29640
29644
29798
29802
30141
30145
30149
30328
30332
30508
30512
30516
30694
30698
30702
30870
30874
30878
31059
31063
31067
31218
31219
31393
31397
31401
31548
31552
31555
31725
31729
31733
31912
31916
31920
32075
32079
32262
32266
32415
32419
32423
32591
32594
32598
32751
32755
32759
32935
32939
33108
33112
33297
33301
33463
33466
33627
33631
33634
33805
33809
33983
33987
33991
34153
34157
34161
34339
34343
34347
34506
34510
34514
34680
34684
34864
34868
34872
35026
35030
35034
35199
35203
35207
35383
35386
35390
35555
35559
35563
35743
35747
35748
35934
35935
35937
36091
36095
36099
36270
36274
36278
36437
36441
36445
36630
36634
36808
36811
36814
37115
37119
37123
37291
37295
37298
37480
37483
37487
37662
37666
37670
37847
37851
38027
38031
38035
38180
38182
38360
38364
38368
38536
38540
38544
38698
38702
38706
38892
38896
38900
39048
39052
39403
39407
39411
39589
39593
39597
39777
39781
39963
39967
40151
40155
40338
40342
40504
40506
40507
40682
40686
40841
40845
41029
41033
41213
41217
41356
41359
41363
41680
41684
41688
41861
41865
41869
42040
42044
42048
42217
42221
42225
42392
42396
42400
42568
42572
42576
42727
42729
42730
42896
42900
42902
43057
43061
43239
43242
43419
43423
43426
43598
43602
43785
43929
43933
43936
44088
44092
44095
44270
44274
44278
44452
44456
44460
44637
44641
44645
44819
44823
44969
44971
45128
45132
45307
45311
45315
45493
45497
45679
45683
45687
45846
45850
45854
46008
46012
46182
46186
46190
46529
46533
46537
46707
46711
46715
46895
46899
46903
47065
47069
47073
47386
47390
47567
47571
47575
47754
47758
47934
47937
47941
48107
48111
48290
48294
48298
48443
48447
48451
48637
48641
48645
48822
48826
49001
49005
49009
49185
49366
49370
49374
49562
49566
49570
49718
49720
49721
49889
49893
49897
50066
50070
50074
50230
50234
50238
50412
50415
50419
50579
50581
50585
50901
50904
50908
51080
51084
51088
51271
51275
51451
51455
51459
51635
51639
51643
51824
51828
51832
51995
51998
51999
52174
52178
52348
52352
52355
52541
52545
52723
52727
52731
52889
52892
52896
53230
53234
53387
53391
53573
53576
53580
53762
53766
53770
53944
53948
53952
54118
54122
54279
54280
54282
54452
54456
54642
54646
54803
54807
54980
54984
54988
55162
55166
55169
55331
55335
55339
55513
55517
55521
