50
52
53
55
56
60
64
68
233
234
236
239
242
374
375
377
380
383
547
548
550
551
553
554
556
560
725
727
730
732
734
735
738
741
902
904
906
909
911
914
918
922
1091
1093
1094
1096
1098
1100
1103
1107
1277
1279
1280
1282
1284
1288
1291
1465
1468
1641
1643
1645
1647
1649
1654
1658
1833
1835
1837
1839
1841
1844
1848
2016
2018
2020
2022
2024
2028
2032
2035
2200
2202
2204
2206
2208
2211
2215
2218
2386
2388
2390
2391
2393
2395
2396
2399
2565
2566
2568
2570
2573
2577
2729
2731
2739
2879
2881
2882
2884
2885
2887
2891
2893
3066
3068
3070
3072
3074
3077
3081
3085
3256
3258
3260
3262
3264
3266
3271
3275
3416
3417
3419
3421
3424
3428
3432
3597
3600
3602
3604
3606
3609
3613
3736
3738
3740
3742
3744
3749
3752
4079
4081
4083
4085
4087
4252
4258
4259
4262
4266
4435
4436
4438
4440
4441
4443
4445
4448
4610
4612
4614
4616
4617
4622
4625
4802
4804
4805
4807
4809
4813
4978
4980
4984
4987
4991
5274
5276
5278
5280
5282
5284
5287
5291
5295
5458
5460
5462
5464
5466
5471
5475
5645
5647
5649
5651
5653
5655
5656
5660
5664
5839
5841
5843
5845
5847
5849
5850
5854
5858
6017
6019
6021
6023
6024
6025
6026
6027
6031
6035
6199
6200
6203
6361
6364
6367
6370
6374
6555
6557
6560
6562
6567
6571
6743
6745
6747
6749
6751
6753
6756
6760
6927
6929
6931
6933
6935
6936
6937
6941
6945
7117
7118
7121
7125
7129
7133
7299
7301
7305
7309
7595
7597
7599
7600
7602
7603
7604
7608
7784
7786
7788
7790
7792
7794
7795
7799
7803
7970
7972
7974
7976
7978
7980
7981
7985
7989
8165
8167
8169
8171
8173
8178
8182
8334
8336
8338
8340
8342
8344
8347
8351
8355
8681
8683
8685
8687
8689
8692
8696
8700
8865
8867
8869
8871
8873
8875
8876
8880
8884
9051
9053
9055
9057
9059
9061
9062
9066
9069
9245
9247
9249
9251
9253
9254
9258
9261
9432
9434
9436
9439
9446
9613
9614
9618
9620
9765
9766
9768
9771
9936
9938
9940
9942
9944
9946
9947
9951
9955
10124
10126
10128
10130
10132
10134
10137
10141
10320
10322
10324
10326
10328
10331
10335
10339
10494
10496
10498
10500
10502
10504
10507
10511
10515
10680
10683
10685
10687
10689
10693
10697
10867
10871
11043
11045
11047
11049
11051
11053
11056
11060
11236
11238
11240
11242
11244
11246
11247
11251
11255
11424
11425
11427
11428
11430
11434
11438
11607
11609
11610
11612
11614
11616
11621
11623
11793
11795
11797
11799
11803
11807
11811
11974
11976
11978
11980
11982
12129
12131
12315
12317
12320
12323
12327
12490
12492
12494
12496
12499
12503
12507
12678
12679
12681
12683
12685
12688
12692
12696
12840
12842
12844
12846
12848
12853
13030
13032
13034
13036
13038
13040
13043
13046
13216
13390
13392
13394
13396
13398
13400
13405
13408
13547
13550
13552
13554
13556
13557
13560
13564
13713
13715
13717
13719
13721
13722
13723
13727
13731
13887
13889
13891
13893
13895
13897
13900
13904
14065
14067
14069
14071
14073
14078
14082
14249
14254
14257
14260
14264
14404
14406
14408
14410
14415
14572
14574
14576
14579
14582
14586
14590
14747
14748
14750
14751
14753
14756
14762
14870
14872
14874
14876
14877
14882
14886
15053
15055
15057
15059
15061
15062
15067
15071
15230
15232
15234
15236
15238
15240
15241
15245
15249
15412
15416
15581
15583
15585
15587
15589
15594
15598
15777
15779
15781
15783
15785
15787
15790
15794
15965
15967
15969
15971
15973
15975
15976
15980
15984
16160
16162
16164
16166
16168
16170
16171
16175
16179
16352
16354
16356
16358
16360
16361
16362
16366
16370
16530
16532
16534
16536
16538
16540
16543
16725
16872
16874
16876
16879
16882
16885
17054
17056
17057
17059
17061
17066
17069
17237
17238
17240
17242
17244
17246
17247
17251
17255
17420
17422
17424
17426
17428
17430
17431
17435
17439
17613
17615
17617
17619
17621
17624
17631
17794
17796
17798
17800
17801
17802
17803
17804
17805
17810
17814
18160
18162
18164
18166
18168
18170
18171
18175
18179
18318
18320
18322
18324
18326
18328
18333
18337
18474
18476
18478
18480
18482
18484
18485
18489
18493
18651
18653
18655
18657
18659
18661
18664
18668
18838
18840
18842
18844
18846
18848
18849
18853
18857
19022
19024
19026
19029
19032
19171
19173
19175
19178
19338
19340
19342
19343
19345
19352
19519
19521
19523
19525
19527
19529
19532
19536
19669
19671
19673
19675
19676
19678
19679
19683
19687
19858
19860
19861
19863
19865
19867
19870
19874
19878
20038
20041
20043
20044
20046
20049
20386
20388
20390
20391
20393
20395
20398
20401
20568
20570
20572
20574
20576
20578
20581
20584
20745
20747
20749
20751
20753
20755
20756
20760
20764
20941
20943
20945
20947
20949
20951
20954
20958
21127
21129
21130
21131
21132
21134
21135
21139
21300
21302
21304
21306
21308
21310
21311
21456
21458
21462
21466
21468
21625
21627
21629
21631
21633
21635
21638
21642
21645
21803
21804
21806
21808
21810
21812
21815
21819
21823
21957
21959
21961
21963
21965
21967
21968
21972
21976
22149
22151
22153
22155
22157
22160
22164
22168
22330
22332
22334
22336
22338
22339
22340
22344
22348
22519
22683
22685
22687
22689
22692
22695
22699
22871
22873
22875
22878
22883
22887
23035
23037
23039
23041
23043
23045
23048
23052
23206
23208
23210
23212
23214
23219
23223
23398
23400
23402
23404
23406
23409
23413
23417
23588
23589
23591
23593
23595
23597
23598
23602
23751
23753
23756
23758
23920
23922
23924
23925
23927
23929
23930
23933
23937
24274
24276
24278
24280
24282
24285
24289
24293
24455
24457
24459
24461
24463
24465
24468
24472
24476
24627
24631
24633
24635
24638
24642
24815
24819
24985
24987
24989
24991
24993
24995
24996
25000
25004
25166
25168
25170
25172
25174
25177
25179
25182
25348
25350
25352
25354
25356
25358
25361
25365
25369
25537
25539
25541
25543
25545
25547
25550
25554
25705
25707
25709
25710
25712
25715
25718
25722
25893
25895
25897
25899
25901
25904
25908
26048
26050
26052
26054
26056
26058
26062
26228
26229
26230
26232
26236
26239
26406
26408
26410
26412
26413
26415
26418
26422
26559
26560
26562
26563
26565
26567
26570
26574
26578
26739
26741
26743
26745
26747
26750
26754
26758
26926
26928
26930
26932
26934
26936
26939
26943
27114
27118
27283
27285
27287
27289
27291
27293
27467
27469
27471
27473
27475
27478
27482
27646
27648
27650
27652
27654
27656
27659
27663
27667
27823
27825
27827
27829
27831
27833
27834
27837
27841
28015
28017
28019
28021
28023
28028
28032
28202
28204
28206
28208
28210
28213
28217
28221
28358
28505
28508
28512
28516
28675
28677
28679
28680
28682
28684
28685
28689
28692
28846
28848
28850
28852
28854
28856
28861
28865
29035
29037
29039
29041
29043
29045
29048
29052
29056
29224
29226
29228
29230
29232
29233
29238
29242
29386
29388
29390
29392
29394
29396
29399
29403
29407
29710
29712
29714
29716
29718
29720
29721
29725
29729
29900
29902
29904
29906
29908
29911
29915
29919
30087
30089
30091
30093
30095
30098
30102
30106
30283
30285
30287
30288
30290
30292
30293
30297
30301
30474
30476
30478
30480
30482
30484
30487
30491
30495
30657
30659
30661
30663
30665
30667
30670
30673
30837
30839
30841
30843
30846
30986
30988
30989
30991
30992
30996
31000
31164
31166
31168
31170
31172
31174
31178
31182
31338
31340
31342
31344
31346
31349
31353
31357
31523
31525
31526
31527
31529
31534
31538
31699
31701
31703
31705
31707
31709
31710
31715
31719
31985
31987
31989
31991
31993
31998
32002
32165
32167
32169
32171
32175
32179
32183
32346
32348
32350
32352
32354
32356
32359
32363
32529
32530
32532
32533
32535
32537
32540
32544
32548
32711
32713
32715
32717
32719
32721
32722
32726
32729
32897
32899
32901
32903
32905
32907
32908
32912
32916
33043
33045
33048
33049
33054
33201
33203
33205
33207
33209
33211
33215
33219
33390
33392
33394
33396
33398
33399
33403
33407
33575
33577
33580
33582
33584
33585
33588
33592
33754
33755
33757
33759
33761
33763
33764
33768
33772
33934
33936
33938
33940
33942
33944
33948
33952
34120
34288
34290
34292
34294
34296
34298
34301
34305
34309
34472
34474
34476
34477
34479
34480
34486
34490
34657
34659
34661
34663
34665
34667
34670
34674
34848
34850
34852
34854
34856
34858
34861
34865
35036
35038
35040
35042
35044
35046
35049
35053
35056
35224
35226
35228
35230
35232
35234
35237
35361
35363
35364
35366
35368
35372
35540
35542
35543
35545
35547
35551
35555
35558
35717
35719
35721
35723
35725
35727
35728
35732
35736
35904
35906
35908
35910
35912
35915
35919
35923
36083
36084
36086
36088
36090
36092
36093
36097
36101
36253
36255
36257
36259
36261
36266
36270
36445
36449
36614
36616
36618
36620
36622
36624
36628
36632
36786
36788
36790
36792
36794
36797
36801
36961
36963
36965
36967
36969
36971
36972
36976
36980
37148
37150
37152
37154
37156
37158
37161
37165
37169
37335
37337
37339
37341
37343
37345
37346
37350
37354
37515
37517
37519
37521
37523
37525
37526
37530
37534
37836
37838
37840
37842
37844
37848
37852
38022
38024
38025
38027
38029
38031
38034
38038
38042
38203
38205
38207
38209
38211
38214
38218
38222
38388
38390
38392
38394
38396
38398
38399
38403
38407
38573
38575
38577
38579
38581
38584
38588
38592
38758
38762
38920
38922
38924
38926
38928
38933
39109
39111
39113
39115
39117
39119
39122
39126
39292
39294
39296
39298
39300
39302
39305
39309
39313
39484
39486
39488
39490
39492
39494
39497
39501
39667
39669
39671
39673
39675
39680
39684
39847
39849
39851
39853
39855
39860
39864
40009
40010
40151
40153
40155
40156
40158
40160
40162
40166
40336
40338
40340
40342
40344
40347
40351
40354
40515
40517
40519
40521
40523
40525
40530
40534
40702
40704
40706
40708
40710
40713
40717
40720
40884
40886
40888
40890
40892
40893
40894
40898
40902
41053
41055
41057
41059
41061
41066
41070
41404
41406
41408
41410
41412
41414
41415
41419
41423
41585
41587
41589
41591
41593
41595
41596
41600
41604
41764
41766
41768
41770
41772
41775
41779
41783
41951
41953
41955
41957
41959
41964
41968
42136
42138
42140
42142
42144
42146
42147
42151
42155
42285
42287
42288
42290
42292
42294
42295
42302
42441
42443
42445
42447
42449
42450
42615
42617
42619
42621
42622
42624
42627
42631
42801
42803
42805
42807
42809
42813
42817
42821
42982
42984
42986
42988
42990
42995
42999
43163
43165
43167
43169
43170
43172
43175
43178
43182
43339
43341
43343
43345
43347
43350
43354
43358
43667
43669
43671
43673
43675
43680
43684
43829
43835
43984
43986
43988
43990
43992
43994
43995
43999
44003
44171
44173
44175
44177
44179
44181
44184
44188
44356
44358
44360
44362
44364
44367
44371
44519
44521
44523
44525
44527
44532
44536
44701
44703
44704
44706
44708
44710
44713
44717
44721
44878
44880
44881
44882
44884
44886
44887
44890
45067
45069
45071
45073
45075
45077
45078
45081
45085
45258
45260
45262
45264
45266
45268
45269
45273
45277
45445
45446
45448
45450
45452
45454
45455
45459
45463
45631
45633
45635
45637
45639
45645
45649
45981
45983
45985
45987
45989
45991
45994
45998
46001
46166
46168
46170
46172
46174
46176
46177
46181
46185
46352
46354
46356
46358
46360
46362
46365
46369
46373
46537
46539
46541
46543
46545
46548
46552
46555
46713
46715
46717
46719
46721
46724
46728
46732
46894
46895
46896
46897
46898
46901
46905
46909
47195
47197
47199
47201
47203
47207
47211
47386
47388
47390
47391
47395
47399
47573
47575
47577
47579
47580
47584
47588
47734
47736
47737
47739
47741
47745
47749
47922
47924
47926
47928
47929
47931
47934
47938
47942
48113
48272
48274
48276
48278
48280
48282
48285
48289
48293
48463
48465
48467
48469
48472
48475
48478
48482
48643
48645
48647
48649
48651
48653
48656
48660
48664
48831
48833
48835
48837
48839
48841
48844
48848
49009
49011
49013
49015
49017
49019
49020
49024
49028
49197
49199
49201
49203
49205
49207
49208
49212
49216
49359
49361
49363
49365
49367
49369
49373
49377
49527
49528
49530
49531
49533
49534
49536
49540
49702
49704
49705
49707
49708
49711
49715
49889
49891
49893
49895
49897
49900
49903
49907
50079
50081
50083
50085
50087
50090
50094
50098
50267
50269
50271
50273
50275
50277
50278
50282
50286
50633
50635
50637
50639
50641
50643
50647
50822
50824
50826
50828
50830
50832
50835
50839
51000
51002
51004
51006
51008
51010
51012
51016
51178
51180
51182
51184
51186
51189
51193
51197
51356
51358
51360
51362
51364
51366
51368
51372
51376
51539
51541
51543
51545
51547
51550
51553
51557
51699
51701
51703
51705
51707
51712
51880
51882
51885
51887
51892
51896
52070
52072
52074
52076
52078
52080
52083
52087
52221
52223
52225
52227
52232
52236
52240
52406
52408
52410
52412
52414
52417
52421
52583
52585
52587
52589
52591
52592
52593
52597
52601
52762
52766
52938
52940
52942
52944
52946
52951
52954
53121
53123
53125
53127
53130
53133
53137
53301
53303
53305
53307
53309
53311
53313
53317
53480
53482
53484
53486
53488
53490
53494
53497
53666
53668
53670
53672
53674
53676
53677
53681
53684
53854
53856
53858
53860
53862
53864
53866
53870
53874
54038
54040
54042
54044
54046
54051
54055
54198
54200
54202
54204
54206
54208
54211
54215
54218
54385
54387
54389
54391
54393
54395
54396
54400
54403
54577
54579
54581
54583
54585
54589
54592
54765
54767
54769
54771
54773
54775
54778
54780
54940
54942
54944
54946
54948
54950
54953
54957
54961
55106
55108
55110
55112
55114
55116
55117
55121
55125
55462
55463
55465
55467
55469
55472
55637
55639
55641
55647
55817
55819
55821
55823
55825
55830
55833
55999
56001
56003
56005
56007
56009
56012
56016
56020
56139
56141
56143
56145
56147
56150
56154
56158
56311
56313
56315
56317
56319
56323
56327
56475
56477
56480
56482
56487
56491
56648
56650
56652
56654
56656
56658
56662
56665
56830
56832
56834
56836
56838
56841
56845
56849
57009
57011
57013
57015
57017
57019
57020
57023
57027
57201
57203
57205
57207
57209
57211
57212
57215
57219
57377
57379
57381
57383
57385
57388
57392
57396
57732
57734
57735
57737
57738
57744
57913
57915
57917
57919
57925
57928
58098
58100
58102
58104
58106
58112
58116
58250
58252
58254
58256
58258
58260
58263
58269
58431
58432
58434
58435
58438
58442
58610
58612
58614
58616
58618
58620
58623
58626
58630
58775
58777
58778
58781
58784
58931
58933
58935
58937
58939
58943
58947
58951
59118
59120
59122
59124
59126
59128
59131
59135
59139
59296
59298
59300
59302
59304
59306
59307
59311
59315
59478
59480
59482
59484
59486
59488
59491
59495
59655
59657
59660
59663
59666
59670
59674
59804
59976
59978
59980
59982
59984
59986
59989
59993
60158
60160
60162
60164
60166
60169
60172
60333
60335
60337
60339
60341
60343
60345
60348
60351
60509
60511
60513
60515
60517
60520
60524
60528
60672
60674
60676
60678
60680
60683
60687
60691
60836
60837
60838
60839
60840
60841
60844
60848
61015
61017
61020
61025
61192
61194
61196
61197
61199
61201
61205
61209
61374
61376
61378
61380
61382
61384
61389
61393
61562
61564
61566
61568
61570
61574
61578
61755
61757
61759
61761
61763
61767
61771
61934
61936
61938
61940
61942
61945
61949
61953
62120
62124
62286
62287
62288
62289
62290
62291
62292
62293
62294
62295
62445
62446
62447
62448
62449
62450
62451
62452
62453
62456
62618
62620
62623
62626
62630
62634
62771
62773
62775
62777
62779
62782
62786
62790
62950
62952
62954
62956
62958
62961
62965
62969
63127
63129
63131
63133
63135
63137
63140
63144
63148
63265
63267
63269
63271
63274
63278
63282
63445
63447
63449
63451
63453
63457
63461
63627
63629
63631
63633
63635
63636
63640
63644
63812
63814
63816
63818
63822
63825
64001
64003
64007
64010
64014
64181
64183
64185
64187
64189
64191
64194
64198
64202
64370
64374
64549
64551
64553
64555
64557
64560
64564
64568
64735
64737
64739
64741
64743
64745
64746
64750
64903
64905
64906
64908
64910
64913
64917
64921
65085
65087
65089
65091
65093
65098
65102
65239
65241
65243
65245
65247
65250
65254
65258
65416
65418
65420
65422
65424
65426
65428
65432
65436
65576
65577
65579
65581
65583
65585
65737
65739
65740
65742
65744
65747
65750
65754
65918
65919
65920
65921
65922
65923
65924
65925
65926
66071
66072
66073
66074
66075
66076
66077
66079
66081
66084
66088
66091
66246
66248
66250
66252
66254
66256
66257
66261
66265
66441
66443
66444
66446
66448
66450
66453
66456
66459
66625
66627
66630
66632
66633
66636
66640
66979
66981
66983
66985
66987
66989
66990
66994
67146
67148
67150
67152
67154
67156
67160
67164
67326
67328
67330
67332
67334
67336
67339
67343
67513
67515
67517
67519
67521
67523
67527
67531
67689
67691
67693
67695
67697
67700
67704
67707
67847
67849
67851
67853
67855
67858
67862
