113
117
121
289
293
297
423
431
435
603
607
611
786
790
794
976
980
1341
1345
1519
1523
1701
1709
1713
1898
1902
2081
2085
2089
2275
2279
2448
2452
2456
2627
2630
2634
2781
2785
2948
2952
3131
3135
3139
3477
3481
3659
3663
3667
3795
3954
3958
4135
4139
4143
4312
4316
4320
4501
4504
4508
4666
4870
5036
5040
5044
5161
5165
5169
5527
5714
5718
5902
5906
5910
6076
6084
6088
6244
6248
6259
6422
6426
6437
6614
6622
6626
6806
6810
6814
7358
7491
7495
7499
7655
7845
7849
7853
8225
8233
8237
8561
8568
8572
8576
9313
9317
9487
9495
9499
9503
9674
9677
9816
9820
9824
10002
10006
10010
10193
10197
10565
10569
10573
10750
10918
11110
11117
11300
11304
11308
11479
11487
11685
12032
12042
12046
12376
12380
12719
12723
13097
13100
13104
13453
13457
13460
13777
13781
13785
13954
13958
13961
14133
14136
14140
14316
14320
14465
14469
14634
14638
14642
14782
14786
14940
14944
14948
15108
15295
15299
15467
15471
15475
15651
15662
15838
16038
16042
16046
16233
16237
16241
16413
16417
16421
16594
16777
16781
16785
17111
17119
17123
17304
17308
17312
17485
17686
17871
17875
18027
18035
18039
18367
18371
18375
18903
18907
19081
19085
19089
19222
19233
19394
19402
19406
19560
19564
19733
19737
19923
19927
19931
20102
20106
20277
20281
20450
20454
20458
20641
21008
21012
21016
21185
21189
21200
21360
21364
21368
21512
21519
21691
21695
21699
21844
21848
22213
22217
22220
22392
22573
22577
22921
22925
23652
23656
23660
23816
23820
24152
24156
24340
24344
24348
24700
24704
24708
24864
24871
24875
25049
25057
25060
25225
25233
25237
25412
25418
25428
25957
25961
25965
26121
26124
26293
26297
26447
26451
26628
26632
26992
26996
27000
27349
27353
27356
27529
27533
27537
27714
27718
27721
28091
28403
28416
28560
28564
28568
28738
28742
28746
28921
28925
28929
29293
29302
29429
29433
29594
29597
29601
29784
29788
29792
29966
29974
29978
30721
30725
30729
31039
31047
31051
31227
31231
31235
31405
31409
31413
31579
31587
31591
31764
31880
31884
32229
32233
32410
32414
32418
32958
32961
32965
33095
33460
33464
33468
33637
33641
33645
33825
34159
34167
34171
34175
34349
34356
34360
34533
34541
34545
34725
34729
35109
35275
35282
35605
35609
35792
35968
35972
36146
36150
36333
36493
36497
36501
36673
36681
36685
36851
36854
36857
37217
37399
37577
37581
37585
37895
38088
38092
38096
38275
38286
38638
38642
38645
38815
38818
39171
39179
39183
39724
39731
39735
39921
39925
39929
40583
40587
40591
40766
40769
40966
41111
41273
41281
41285
41472
41474
41478
41649
41653
41657
41829
41837
41841
41845
42010
42176
42180
42344
42348
42352
42681
42686
43225
43229
43233
43407
43411
43552
43556
43731
43735
43739
44053
44056
44060
44579
44587
44590
44941
45152
45336
45340
45522
46055
46059
46063
46243
46427
46431
46614
46790
47103
47107
47635
47994
47997
48157
48161
49082
49086
49090
49270
49274
49426
49430
49434
49764
49772
49776
49961
49965
49969
50145
50149
50160
50510
50518
50521
50890
50894
51066
51254
51421
51615
51768
51772
51949
51953
52108
52112
52290
52294
52298
52467
52470
52637
52641
52821
52825
53003
53007
53183
53186
53363
53367
53371
53743
53928
53934
54105
54109
54264
54268
54462
55015
55179
55183
55350
55527
55531
55535
56051
56055
56216
56905
56916
57081
57085
57089
57451
57797
58137
58141
58322
58326
58820
59189
59192
59374
59696
59699
59865
60044
60048
60052
60220
60224
60228
60744
60748
60752
60907
60911
61081
61255
61259
61635
61639
61643
62000
62004
62008
62506
62510
62514
62654
62837
63191
63195
63199
63341
63502
63510
63514
63696
63700
63885
64249
64262
64613
64616
64619
64968
64972
64976
65302
65482
65488
65643
65647
65807
65811
66137
66141
66145
66503
66507
66860
66868
66872
67047
67051
67055
67400
67579
67583
67752
67755
67759
67917
67920
