274
278
282
481
668
672
676
851
855
859
1023
1026
1033
1219
1354
1537
1541
1740
1744
1748
1752
1934
1937
1941
2099
2634
2638
3003
3007
3153
3157
3161
3327
3331
3335
3514
3518
3522
3706
3710
3882
3886
3889
4077
4081
4085
4089
4271
4275
4279
4283
4434
4438
4442
4761
4765
4769
4772
4922
4926
4930
4934
5119
5123
5279
5283
5758
5762
5766
5939
5943
6126
6310
6314
6318
6501
6505
6509
6681
6685
6689
6693
6834
7004
7008
7012
7016
7163
7167
7170
7358
7362
7528
7707
7711
7715
7719
7888
7892
7896
7900
8050
8790
8794
8798
8977
8981
8985
8989
9117
9121
9125
9129
9286
9290
9294
9441
9445
9449
9452
9636
9640
9820
9824
9828
9832
10328
10332
10336
10340
10886
11070
11074
11252
11256
11260
11264
11427
11431
11742
11746
11750
11927
11931
11935
12110
12114
12118
12122
12301
12457
12461
12465
12607
12782
12785
12789
12792
12968
12972
13309
13313
13317
13321
14018
14022
14026
14200
14204
14367
14371
14375
14379
14532
14536
14687
14691
14695
14699
14867
14871
15398
15402
15406
15410
15582
15586
15590
15775
15947
15951
15955
15959
16259
16263
16267
16270
16980
16983
16987
17330
17334
17338
17342
17515
17519
17523
17527
17696
17700
17891
17895
17899
17903
18259
18263
18267
18271
18582
18585
18588
18592
18955
18958
18962
18966
19149
19153
19300
19304
19308
19312
19472
19476
19480
19628
19815
19819
19823
20001
20005
20009
20013
20187
20191
20195
20199
20377
20381
20385
20558
20562
20566
20570
20723
20726
21058
21062
21066
21245
21249
21252
21430
21434
21438
21442
21588
21592
21602
21788
21792
21949
21953
21957
21961
22126
22130
22134
22138
22484
22670
22674
22677
23013
23017
23021
23025
23394
23398
23402
23406
23600
23792
24159
24163
24167
24328
24518
24522
24526
24530
24685
24689
24693
24862
24866
24870
24874
25046
25050
25052
25224
25228
25232
25236
25362
25548
25552
25556
25560
25919
25923
25927
25931
26107
26111
26114
26118
26298
26302
26306
26461
26465
26469
26974
26978
26982
27149
27153
27157
27161
27328
27332
27336
27492
27496
27500
27658
27662
27666
27803
27807
27992
28183
28187
28194
28366
28370
28374
28560
28564
29090
29094
29098
29102
29293
29469
29473
29476
29480
29657
29661
29846
29850
29854
29858
30181
30185
30189
30368
30372
30376
30556
30560
30564
30742
30916
30920
30924
30928
31303
31307
31454
31458
31462
31466
31644
31809
31813
31817
31820
31989
31993
31996
32000
32175
32179
32183
32187
32365
32369
32373
32523
32527
32530
32698
32702
32706
32859
32863
32867
32871
33059
33063
33257
33409
33413
33417
33591
33595
33599
33603
33750
33754
33758
33762
33944
33948
33952
34314
34318
34491
34495
34499
34503
34687
34691
34695
34699
34852
34856
34860
34864
35247
35251
35255
35448
35452
35614
35618
35953
36117
36121
36125
36304
36308
36312
36476
36480
36651
36655
36659
36828
36832
36836
36840
37016
37020
37024
37192
37196
37370
37374
37378
37382
37553
37557
37561
37564
37737
37741
37745
37749
37933
38116
38120
38302
38306
38310
38671
38675
38678
38851
39042
39046
39050
39054
39223
39227
39230
39388
39392
39396
39400
39555
39559
39563
39567
39739
39742
39745
40119
40309
41009
41199
41203
41207
41376
41379
41383
41553
41557
41561
41565
41746
41750
41928
41932
41936
42085
42088
42092
42096
42245
42249
42253
42406
42410
42414
42418
42606
42610
43128
43132
43136
43477
43481
43652
43656
43660
43837
43841
44026
44030
44194
44198
44202
44206
44352
44355
44359
44363
44537
44541
44545
44549
44728
44732
45116
45293
45297
45301
45305
45464
45468
45472
45821
45824
45828
45991
46184
46367
46371
46375
46379
46558
46728
46732
46736
46740
46927
46931
46935
47106
47113
47117
47268
47272
47276
47280
47460
47464
47602
47606
47779
47783
47786
48145
48148
48152
48156
48338
48503
48507
48517
48687
48691
48695
48878
48882
48886
49047
49051
49055
49228
49232
49236
49240
49430
49434
49437
50322
50326
50330
50334
50504
50508
50512
50516
50684
50688
50692
50861
50865
50869
50873
51040
51044
51048
51220
51224
51228
51232
51371
51375
51379
51383
51549
51553
51557
51725
51729
51733
51737
51911
51915
51919
52088
52092
52096
52100
52255
52258
52262
52266
52435
52438
52588
52592
52596
52600
52770
52774
52778
52782
52952
52956
52960
52964
53129
53133
53137
53141
53312
53316
53320
53488
53492
53496
53500
53657
53661
53665
53830
53834
53838
53842
54006
54010
54014
54018
54194
54198
54202
54206
54374
54378
54382
54386
54541
54545
54549
54553
54723
54727
54731
54734
54892
54896
54900
54904
55069
55073
55077
55081
55252
55256
55260
55264
55429
55433
55437
55441
55611
55615
55619
55787
55791
55795
55799
55952
55956
55960
56133
56136
56140
56144
56314
56318
56322
56494
56498
56502
56506
56680
56684
56687
56856
56860
56864
56868
57034
57037
57041
57201
57205
57209
57370
57374
57378
57382
57550
57554
57558
57562
57730
57734
57935
57939
57943
58138
58297
58301
58305
58309
58463
58467
58471
58475
58846
58850
58854
58858
59018
