21
25
29
219
223
227
409
413
417
602
605
607
788
790
934
1120
1124
1314
1318
1322
1512
1516
1520
1654
1658
2197
2201
2205
2391
2395
2399
2586
2590
2594
2785
2789
2966
2970
2974
3158
3162
3164
3533
3537
3541
3655
3659
3663
3854
3858
3862
4044
4048
4052
4231
4235
4239
4597
4601
4605
4795
4799
4803
4991
4995
4999
5166
5169
5172
5350
5354
5358
5551
5554
5557
5716
6052
6056
6058
6236
6239
6576
6940
6942
6944
6946
6948
6950
7135
7139
7143
7327
7331
7335
7526
7530
7534
7722
7726
7730
7901
7904
7906
8031
8388
8392
8396
8578
8581
8584
8776
8780
8782
8960
8964
8968
9328
9332
9504
9686
9690
9694
9852
9856
9860
10043
10047
10051
10202
10205
10206
10362
10365
10728
10732
10736
10916
11096
11100
11278
11282
11458
11462
11466
11806
11810
11814
11999
12003
12007
12176
12180
12184
12374
12378
12565
12569
12572
12746
13085
13089
13257
13432
13436
13439
13625
13632
14162
14166
14170
14543
14547
14746
14750
14754
14944
14948
14952
15143
15146
15460
15464
15468
15642
15645
15819
15823
16003
16007
16011
16193
16197
16201
16548
16552
16743
16747
16751
16941
16945
16949
17123
17127
17131
17319
17322
17325
17488
17489
17490
17827
17831
17987
18166
18170
18174
18358
18517
18521
18525
18901
18904
18908
19093
19097
19101
19282
19286
19468
19472
19476
19666
19670
19673
19859
19861
19864
20033
20215
20219
20223
20381
20385
20389
20572
20575
20577
20753
20757
20929
20933
20937
21283
21285
21287
21289
21462
21466
21470
21650
21654
21658
21837
21840
21844
22026
22030
22034
22205
22208
22210
22544
22548
22552
22683
22689
22862
22864
22868
23042
23220
23407
23562
23566
23570
23759
23763
23942
23946
23950
24137
24141
24145
24326
24330
24334
24521
24524
24526
24697
24699
24703
25010
25014
25018
25186
25190
25378
25382
25385
25727
25731
25735
26097
26101
26105
26291
26295
26299
26478
26482
26486
26663
26667
26671
26853
26857
26860
27032
27036
27038
27357
27359
27544
27548
27552
27741
27745
27749
27934
27938
27942
28467
28471
28651
28655
28659
28839
28842
28845
29030
29033
29036
29226
29230
29234
29410
29414
29418
29570
29741
29745
29749
29931
29935
29939
30134
30138
30142
30328
30332
30336
30495
30499
30503
30844
30848
30852
31037
31040
31043
31230
31234
31238
31414
31418
31422
31607
31611
31804
31808
31812
31933
32121
32125
32129
32283
32287
32291
32476
32481
32657
32661
32665
32855
32859
32863
33201
33205
33209
33383
33387
33391
33565
33569
33573
33748
33752
33756
33931
33935
33939
34092
34096
34099
34258
34428
34431
34612
34616
34620
34793
34797
34801
34976
34980
34984
35161
35165
35169
35507
35511
35515
35699
35703
35707
35892
35896
35900
36072
36076
36080
36261
36265
36437
36441
36444
36772
36776
36954
36958
36962
37125
37129
37133
37318
37322
37326
37507
37511
37515
37689
37693
37697
38049
38053
38221
38225
38229
38410
38414
38418
38590
38594
38598
38781
38785
38788
38965
39123
39127
39318
39322
39507
39510
39514
39677
39684
39865
39869
40048
40052
40403
40407
40411
40588
40592
40596
40776
40780
40784
40974
40978
40982
41160
41164
41168
41332
41492
41495
41680
41684
41866
41870
41874
42061
42065
42069
42253
42257
42261
42440
42444
42448
42802
42806
42810
42999
43003
43007
43194
43198
43202
43385
43389
43574
43578
43582
43764
43766
44084
44088
44238
44242
44246
44427
44430
44433
44617
44623
44765
44769
44773
45124
45126
45128
45130
45132
45134
45314
45318
45322
45493
45497
45680
45684
45688
45872
45876
45880
46053
46358
46361
46542
46545
46548
46733
46735
46737
46906
46910
46914
47097
47101
47105
47279
47451
47455
47459
47634
47638
47642
47828
47832
47836
48014
48018
48022
48199
48203
48207
48392
48396
48400
48719
48723
48906
48910
49092
49095
49099
49269
49273
49277
49468
49472
49476
50005
50009
50013
50193
50197
50201
50359
50363
50367
50540
50544
50725
50729
50731
50904
50906
51054
51057
51061
51236
51240
51421
51425
51429
51618
51622
51626
51806
51810
51814
52354
52358
52362
52548
52552
52555
52731
52735
52739
52923
52927
52931
53112
53116
53120
53307
53311
53500
53690
53694
53698
53870
53874
53877
54065
54069
54073
54249
54253
54429
54433
54437
54789
54793
54797
54983
54987
54991
55160
55164
55168
55322
55326
55330
55511
55514
55517
55696
55700
55702
55861
56020
56024
56028
56208
56212
56215
56386
56390
56394
56586
56590
56766
56770
56774
57127
57131
57135
57318
57322
57504
57508
57512
57691
57695
57699
57872
57876
57880
58054
58056
58208
58211
58391
58563
58567
58571
58724
58727
58731
58923
59110
59114
59469
59473
59477
59662
59664
59667
59849
60037
60215
60219
60406
60410
60413
60747
60935
60939
60943
61090
61093
61097
61263
61267
61271
61450
61454
61458
61626
61630
61634
61837
61843
62025
62029
62033
62199
62203
62377
62381
62385
62559
62563
62567
62743
62745
62748
62924
62925
63102
63106
63280
63287
63462
63466
63645
63649
63829
63833
63836
64015
64019
64023
64379
64383
64387
64565
64569
64573
64749
64753
64938
64942
64946
65128
65306
65309
65455
65641
65645
65649
65834
65838
65842
66012
66015
66198
66202
66206
66707
66711
66715
66892
66896
66900
67073
67077
67081
67259
67262
67450
67454
67458
67646
67648
68000
68004
68008
68190
68193
68196
68382
68386
68390
68563
68566
68570
68718
68722
68726
69077
69081
69085
69274
69278
69282
69463
69467
69471
69654
69658
