139
141
142
143
145
146
147
150
154
318
319
320
322
323
324
326
327
331
335
493
495
496
497
498
499
500
501
502
503
504
505
632
788
789
790
792
793
794
796
797
801
805
960
962
963
964
966
967
968
971
975
979
1129
1130
1131
1133
1134
1135
1137
1138
1142
1275
1276
1279
1283
1435
1436
1437
1439
1440
1441
1443
1444
1448
1452
1608
1610
1611
1612
1614
1615
1616
1619
1623
1627
1761
1762
1763
1765
1766
1767
1769
1770
1774
1778
1923
1924
1925
1926
1927
1928
1929
1930
1931
1932
1933
1934
1935
1936
1937
1941
1945
2097
2099
2100
2101
2103
2104
2105
2108
2112
2116
2283
2285
2286
2287
2289
2290
2291
2294
2298
2302
2463
2464
2465
2467
2468
2469
2471
2472
2476
2480
2640
2642
2643
2644
2646
2647
2648
2651
2791
2793
2794
2795
2797
2798
2799
2802
2806
2810
2963
2964
2965
2967
2968
2969
2971
2972
2976
2980
3133
3134
3135
3137
3138
3139
3141
3142
3146
3150
3297
3299
3300
3301
3303
3304
3305
3307
3308
3312
3316
3454
3455
3456
3458
3459
3460
3462
3463
3467
3471
3625
3626
3627
3629
3630
3631
3633
3634
3638
3642
3792
3794
3795
3796
3798
3799
3800
3803
3807
3963
3964
3965
3967
3968
3969
3971
3972
3976
3980
4110
4112
4113
4114
4116
4117
4118
4121
4125
4282
4283
4284
4286
4287
4288
4290
4291
4295
4299
4459
4461
4462
4463
4465
4466
4467
4470
4474
4478
4640
4641
4642
4644
4645
4646
4649
4653
4657
4811
4812
4813
4814
4815
4816
4817
4818
4819
4820
4821
4822
4823
4824
4836
4975
4976
4977
4979
4980
4981
4984
4988
5133
5134
5135
5137
5138
5139
5141
5142
5146
5149
5308
5309
5310
5312
5313
5314
5316
5317
5321
5325
5485
5486
5487
5489
5490
5491
5493
5494
5497
5501
5659
5660
5661
5662
5663
5664
5665
5666
5667
5668
5669
5670
5671
5672
5673
5674
5679
5683
5832
5834
5835
5836
5838
5839
5840
5843
5847
5997
5998
5999
6001
6002
6003
6005
6006
6007
6010
6014
6178
6179
6180
6181
6182
6183
6184
6185
6186
6188
6189
6193
6197
6329
6331
6332
6333
6335
6336
6337
6340
6344
6502
6503
6504
6506
6507
6508
6510
6511
6515
6519
6680
6681
6682
6684
6685
6686
6688
6689
6693
6697
6857
6859
6860
6861
6863
6864
6865
6867
6868
6872
6876
7026
7027
7029
7030
7031
7033
7034
7038
7042
7199
7201
7202
7203
7205
7206
7207
7210
7214
7218
7358
7360
7361
7362
7364
7365
7366
7369
7373
7506
7507
7508
7509
7510
7511
7512
7513
7514
7515
7516
7517
7518
7519
7520
7521
7523
7527
7531
7666
7821
7822
7823
7825
7826
7827
7829
7830
7834
7838
7998
8000
8001
8002
8004
8005
8006
8009
8013
8017
8179
8180
8181
8183
8184
8185
8187
8188
8192
8196
8331
8332
8334
8335
8336
8337
8338
8339
8340
8341
8487
8489
8490
8491
8493
8494
8495
8498
8502
8650
8651
8652
8654
8655
8656
8658
8659
8663
8667
8831
8833
8834
8835
8837
8838
8839
8842
8846
9008
9009
9010
9012
9013
9014
9016
9017
9184
9185
9186
9188
9189
9190
9192
9193
9197
9201
9352
9353
9354
9356
9357
9358
9360
9361
9365
9369
9513
9514
9515
9517
9518
9519
9521
9522
9526
9530
9694
9695
9696
9698
9699
9700
9702
9703
9707
9711
9871
9872
9873
9874
9875
9876
9877
9878
9879
9880
9881
9882
9891
10026
10028
10029
10030
10032
10033
10034
10037
10044
10204
10205
10206
10208
10209
10210
10212
10213
10217
10221
10364
10514
10515
10516
10518
10519
10520
10522
10523
10527
10531
10686
10687
10688
10690
10691
10692
10694
10695
10699
10703
10857
10859
10860
10861
10863
10864
10865
10868
10872
11032
11034
11035
11036
11038
11039
11040
11043
11047
11051
11207
11208
11209
11211
11212
11213
11215
11216
11220
11223
11374
11376
11377
11378
11380
11381
11382
11383
11384
11537
11538
11539
11540
11541
11542
11543
11544
11545
11546
11547
11548
11549
11550
11551
11552
11557
11561
11700
11701
11703
11704
11705
11707
11708
11709
11712
11716
11873
11874
11875
11877
11878
11879
11881
11882
11886
11890
12043
12178
12179
12180
12182
12183
12184
12186
12187
12191
12195
12358
12359
12360
12362
12363
12364
12366
12367
12371
12374
12529
12531
12532
12533
12535
12536
12537
12540
12544
12701
12703
12704
12705
12706
12707
12708
12709
12710
12711
12858
12859
12860
12862
12863
12864
12866
12867
12868
12871
12875
13017
13018
13019
13021
13022
13023
13025
13026
13035
13189
13190
13191
13193
13194
13195
13197
13198
13202
13206
13363
13364
13365
13366
13367
13368
13369
13370
13371
13372
13373
13374
13375
13376
13377
13378
13379
13383
13387
13530
13531
13532
13533
13534
13535
13536
13537
13538
13539
13540
13541
13542
13543
13544
13545
13548
13552
13708
13709
13710
13712
13713
13714
13716
13717
13721
13725
13868
13870
13871
13872
13874
13875
13876
13879
13883
14046
14048
14049
14050
14052
14053
14054
14057
14061
14230
14232
14233
14234
14236
14237
14238
14241
14245
14386
14387
14388
14389
14390
14391
14392
14393
14394
14395
14396
14397
14398
14399
14400
14408
14565
14566
14568
14569
14570
14572
14573
14577
14581
14738
14739
14741
14742
14743
14745
14746
14747
14750
14754
14900
14901
14902
14903
14904
14905
14906
14907
14908
14909
14910
14911
14912
14913
14914
14915
14923
15082
15083
15085
15086
15087
15089
15090
15091
15094
15098
15241
15242
15243
15245
15246
15247
15249
15250
15254
15258
15417
15419
15420
15421
15423
15424
15425
15427
15428
15432
15436
15595
15599
15755
15756
15757
15759
15760
15761
15763
15764
15768
15772
15925
15927
15928
15930
15931
15932
15933
15934
15935
15936
15937
15939
15943
15947
16076
16077
16078
16080
16081
16082
16084
16085
16089
16093
16234
16236
16237
16238
16239
16240
16241
16242
16243
16244
16245
16246
16247
16250
16254
16412
16413
16414
16416
16417
16418
16420
16421
16425
16429
16585
16586
16587
16589
16590
16591
16593
16594
16598
16602
16756
16758
16759
16760
16762
16763
16764
16767
16771
16927
16929
16930
16931
16933
16934
16935
16938
16947
17107
17108
17109
17110
17111
17112
17113
17114
17115
17117
17118
17122
17126
17281
17282
17283
17285
17286
17287
17288
17289
17290
17291
17292
17296
17300
17435
17436
17437
17439
17440
17441
17443
17444
17448
17451
17606
17607
17608
17610
17611
17612
17614
17615
17619
17623
17783
17785
17786
17787
17789
17790
17791
17794
17798
17961
17962
17963
17965
17966
17967
17969
17970
17974
17978
18132
18134
18135
18136
18138
18139
18140
18143
18147
18306
18307
18308
18310
18311
18312
18314
18315
18319
18323
18466
18468
18469
18470
18472
18473
18474
18477
18481
18620
18621
18623
18624
18625
18627
18628
18629
18632
18636
18795
18796
18798
18799
18800
18802
18803
18804
18807
18811
18967
18968
18969
18971
18972
18973
18975
18976
18980
18984
19155
19157
19158
19159
19161
19162
19163
19166
19170
19326
19328
19329
19330
19332
19333
19334
19336
19337
19341
19345
19494
19495
19496
19498
19499
19500
19502
19503
19507
19511
19645
19646
19647
19649
19650
19651
19653
19654
19658
19662
19818
19820
19821
19822
19824
19825
19826
19828
19829
19833
19837
19989
19990
19991
19993
19994
19995
19997
19998
20002
20006
20167
20168
20170
20171
20172
20174
20175
20179
20183
20343
20345
20346
20347
20349
20350
20351
20354
20358
20521
20522
20523
20658
20659
20660
20662
20663
20664
20665
20666
20667
20846
20847
20848
20849
20850
20851
20852
20853
20854
20855
20856
20857
20858
20859
20860
20861
20862
20866
21013
21014
21016
21017
21018
21020
21021
21022
21025
21029
21189
21190
21191
21193
21194
21195
21197
21198
21202
21206
21368
21369
21370
21372
21373
21374
21376
21377
21526
21527
21528
21530
21531
21532
21534
21535
21539
21543
21696
21697
21698
21700
21701
21702
21704
21705
21709
21711
21843
21844
21845
21847
21848
21849
21851
21852
21856
21860
22008
22009
22010
22012
22013
22014
22016
22017
22021
22025
22180
22182
22183
22184
22186
22187
22188
22190
22194
22197
22347
22348
22349
22350
22351
22352
22353
22354
22355
22356
22357
22358
22360
22361
22365
22368
22517
22519
22520
22521
22522
22523
22524
22527
22531
22674
22676
22677
22678
22680
22681
22682
22685
22689
22693
22822
22824
22825
22826
22828
22829
22830
22833
22837
22992
22993
22995
22996
22997
22999
23000
23001
23004
23008
23151
23152
23153
23155
23156
23157
23159
23160
23161
23171
23175
23329
23330
23331
23333
23334
23335
23337
23338
23342
23346
23508
23510
23511
23512
23514
23515
23516
23519
23523
23671
23673
23674
23675
23677
23678
23679
23682
23686
23844
23846
23847
23848
23850
23851
23852
23855
23859
23996
23997
23998
24000
24001
24002
24004
24005
24009
24012
24158
24159
24160
24162
24163
24164
24166
24167
24171
24175
24333
24335
24336
24337
24339
24340
24341
24344
24348
24352
24513
24515
24516
24517
24519
24520
24521
24524
24528
24689
24690
24691
24693
24694
24695
24697
24698
24702
24706
24857
24858
24859
24861
24862
24863
24865
24866
24870
24874
25019
25020
25021
25022
25024
25025
25026
25029
25033
25036
25186
25187
25188
25190
25191
25192
25194
25195
25199
25203
25359
25360
25361
25363
25364
25365
25367
25368
25379
25532
25533
25534
25536
25537
25539
25540
25544
25548
25712
25713
25714
25716
25717
25718
25720
25721
25725
25729
25880
25882
25883
25884
25886
25887
25888
25891
25895
26033
26034
26035
26037
26038
26039
26041
26042
26046
26050
26197
26199
26200
26201
26203
26204
26205
26208
26212
26366
26368
26369
26370
26372
26373
26374
26377
26381
26541
26542
26543
26545
26546
26547
26549
26550
26554
26558
26726
26727
26728
26730
26731
26732
26734
26735
26739
26743
26898
26900
26901
26902
26904
26905
26906
26909
26913
27069
27070
27071
27073
27074
27075
27077
27078
27082
27086
27236
27238
27239
27240
27242
27243
27244
27247
27251
27386
27387
27388
27390
27391
27392
27394
27395
27399
27403
27551
27553
27554
27555
27557
27558
27559
27562
27566
27703
27704
27705
27707
27708
27709
27711
27712
27862
27864
27865
27866
27868
27869
27870
27872
27873
27877
27881
28033
28034
28036
28037
28038
28040
28041
28045
28054
28208
28209
28210
28212
28213
28214
28216
28217
28221
28229
28388
28389
28390
28392
28393
28394
28396
28397
28398
28401
28405
28536
28538
28539
28540
28542
28543
28544
28545
28686
28688
28689
28690
28692
28693
28694
28696
28697
28701
28705
28858
28859
28860
28862
28863
28864
28866
28867
28871
28875
29040
29041
29043
29044
29045
29047
29048
29052
29213
29215
29216
29217
29219
29220
29223
29227
29231
29393
29394
29395
29397
29398
29399
29401
29402
29403
29406
29410
29563
29565
29566
29567
29569
29570
29571
29574
29578
29735
29736
29737
29739
29740
29741
29743
29744
29748
29752
29913
29914
29915
29917
29918
29919
29921
29922
29926
29930
30091
30093
30094
30095
30096
30097
30098
30099
30100
30101
30102
30104
30105
30109
30113
30265
30267
30268
30269
30271
30272
30273
30276
30279
30428
30429
30430
30432
30433
30434
30436
30437
30441
30445
30598
30599
30600
30602
30603
30604
30606
30607
30611
30615
30757
30759
30760
30761
30763
30764
30765
30767
30768
30774
30928
30929
30930
30932
30933
30934
30936
30937
30941
30945
31110
31112
31113
31114
31116
31117
31118
31121
31125
31286
31288
31289
31290
31292
31293
31294
31296
31297
31301
31304
31456
31457
31459
31460
31461
31463
31464
31465
31468
31472
31624
31626
31627
31628
31630
31631
31632
31634
31635
31639
31643
31776
31778
31779
31780
31782
31783
31784
31787
31791
31944
31945
31946
31947
31948
31949
31950
31951
31952
31953
31954
31955
31958
31962
32108
32109
32110
32112
32113
32114
32116
32117
32121
32290
32292
32293
32294
32296
32297
32298
32301
32305
32461
32462
32463
32465
32466
32467
32469
32470
32474
32478
32644
32645
32646
32648
32649
32650
32652
32653
32796
32797
32799
32800
32801
32803
32804
32805
32808
32812
32954
32955
32956
32957
32958
32959
32960
32961
32962
32963
32964
32965
32966
32967
32970
32974
33129
33131
33132
33133
33135
33136
33137
33139
33140
33144
33148
33310
33312
33313
33314
33316
33317
33319
33320
33323
33486
33488
33489
33490
33492
33493
33494
33497
33501
33650
33651
33652
33653
33654
33655
33656
33657
33658
33659
33660
33661
33662
33663
33664
33665
33670
33674
33813
33815
33816
33817
33819
33820
33821
33823
33824
33828
33832
33964
33965
33966
33968
33969
33970
33972
33973
33977
33981
34138
34139
34140
34141
34142
34143
34144
34145
34147
34148
34149
34151
34152
34156
34160
34315
34316
34317
34319
34320
34321
34323
34324
34328
34332
34490
34491
34492
34494
34495
34496
34498
34499
34507
34511
34659
34660
34661
34663
34664
34665
34668
34672
34834
34836
34837
34838
34840
34841
34842
34845
34849
35012
35014
35015
35016
35018
35019
35020
35023
35027
35031
35153
35154
35155
35156
35157
35158
35159
35160
35161
35162
35163
35164
35165
35173
35320
35321
35322
35324
35325
35326
35328
35329
35333
35337
35495
35496
35497
35499
35500
35501
35503
35504
35508
35512
35669
35671
35672
35673
35675
35676
35677
35680
35684
35837
35838
35839
35841
35842
35843
35845
35846
35850
35854
36008
36010
36011
36012
36014
36015
36016
36018
36022
36166
36167
36168
36170
36171
36172
36174
36175
36178
36182
36348
36349
36351
36352
36353
36354
36355
36356
36357
36358
36359
36360
36362
36363
36367
36371
36526
36528
36529
36530
36532
36533
36534
36536
36537
36541
36545
36695
36696
36698
36699
36700
36702
36703
36707
36711
36864
36865
36866
36868
36869
36870
36872
36873
36877
36881
37036
37037
37038
37040
37041
37042
37044
37045
37049
37053
37200
37201
37209
37351
37352
37353
37354
37355
37356
37357
37358
37359
37360
37361
37362
37369
37525
37526
37527
37529
37530
37531
37533
37534
37535
37538
37542
37703
37705
37706
37707
37709
37710
37711
37714
37718
37884
37886
37887
37888
37890
37891
37892
37895
37899
38042
38043
38044
38046
38047
38048
38049
38050
38219
38221
38222
38223
38225
38226
38227
38230
38234
38378
38379
38381
38382
38383
38384
38385
38386
38387
38388
38389
38390
38392
38393
38397
38401
38561
38562
38563
38565
38566
38567
38569
38570
38574
38578
38742
38743
38744
38746
38747
38748
38750
38751
38755
38759
38918
38920
38921
38922
38924
38925
38926
38929
38933
39085
39086
39087
39089
39090
39091
39093
39094
39098
39102
39261
39262
39263
39265
39266
39267
39269
39270
39274
39278
39440
39441
39442
39443
39444
39445
39446
39447
39448
39450
39451
39455
39613
39614
39615
39616
39617
39618
39619
39620
39621
39622
39623
39624
39630
39634
39754
39755
39756
39758
39759
39760
39762
39763
39767
39927
39929
39930
39931
39933
39934
39935
39938
39942
40108
40110
40111
40112
40114
40115
40116
40119
40130
40290
40291
40292
40293
40294
40295
40296
40297
40298
40299
40303
40307
40379
40380
40381
40382
40383
40384
40385
40386
40387
40562
40564
40565
40566
40568
40569
40570
40573
40577
40581
40733
40734
40735
40737
40738
40739
40741
40742
40746
40750
40904
40906
40907
40908
40910
40911
40912
40915
40919
40923
41079
41080
41081
41083
41084
41085
41087
41091
41095
41249
41251
41252
41253
41255
41256
41257
41260
41264
41421
41422
41423
41425
41426
41427
41429
41430
41434
41438
41589
41590
41591
41593
41594
41595
41597
41598
41602
41606
41767
41768
41769
41771
41772
41773
41775
41776
41780
41784
41926
41927
41928
41930
41931
41932
41934
41935
41936
41939
41943
42085
42087
42088
42089
42091
42092
42093
42095
42096
42100
42104
42258
42259
42260
42261
42262
42263
42264
42265
42266
42267
42268
42269
42270
42271
42272
42273
42275
42279
42283
42446
42447
42448
42450
42451
42452
42455
42459
42611
42612
42613
42615
42616
42617
42619
42620
42624
42628
42788
42789
42790
42792
42793
42794
42796
42797
42801
42805
42958
42960
42961
42962
42964
42965
42966
42968
42969
42979
43127
43128
43130
43131
43132
43134
43135
43138
43142
43308
43310
43311
43312
43314
43315
43316
43319
43323
43480
43482
43483
43484
43486
43487
43488
43490
43491
43495
43499
43654
43655
43656
43658
43659
43660
43662
43663
43667
43670
43836
43837
43838
43840
43841
43842
43844
43845
43849
43853
44012
44014
44015
44016
44018
44019
44020
44023
44027
44031
44190
44191
44192
44194
44195
44196
44198
44199
44203
44207
44339
44341
44342
44343
44345
44346
44347
44350
44354
44519
44520
44521
44523
44524
44525
44527
44528
44532
44536
44699
44701
44702
44703
44705
44706
44707
44710
44720
44859
44860
44861
44863
44864
44865
44867
44868
44872
44876
45016
45017
45018
45020
45021
45022
45024
45025
45029
45033
45172
45173
45174
45176
45177
45178
45180
45181
45185
45189
45337
45338
45339
45340
45342
45343
45344
45347
45351
45508
45509
45510
45512
45513
45514
45516
45517
45518
45521
45525
45693
45695
45696
45697
45699
45700
45701
45704
45708
45712
45871
45872
45873
45874
45875
45876
45877
45878
45879
45880
45881
45882
45883
45884
45885
45886
45888
46047
46048
46049
46051
46052
46053
46055
46056
46065
46219
46221
46222
46223
46225
46226
46227
46230
46234
46397
46399
46400
46401
46403
46404
46405
46408
46412
46542
46543
46544
46546
46547
46548
46550
46551
46555
46559
46719
46720
46722
46723
46724
46726
46727
46728
46731
46735
46898
46900
46901
46902
46904
46905
46906
46909
46921
47083
47084
47085
47086
47087
47088
47089
47090
47091
47092
47094
47095
47099
47103
47256
47258
47259
47260
47262
47263
47264
47266
47267
47271
47429
47430
47431
47432
47433
47434
47435
47436
47437
47438
47439
47440
47559
47560
47561
47562
47563
47564
47565
47566
47567
47568
47569
47570
47571
47572
47573
47574
47581
47735
47736
47737
47739
47740
47741
47743
47744
47748
47752
47904
47905
47906
47908
47909
47910
47912
47913
47917
48085
48086
48087
48089
48090
48091
48094
48103
48263
48265
48266
48267
48269
48270
48271
48273
48274
48278
48282
48446
48447
48448
48450
48451
48452
48454
48455
48459
48463
48618
48619
48620
48622
48623
48624
48626
48627
48631
48635
48760
48761
48762
48764
48765
48766
48768
48769
48773
48777
48925
48926
48927
48928
48929
48930
48931
48932
48933
48934
48935
48936
48944
49109
49110
49111
49113
49114
49115
49117
49118
49122
49126
49295
49296
49297
49299
49300
49301
49303
49304
49308
49311
49470
49472
49473
49474
49476
49477
49478
49481
49485
49647
49649
49650
49651
49653
49654
49655
49658
49662
49808
49810
49811
49812
49814
49815
49816
49819
49823
49985
49987
49988
49989
49991
49992
49993
49996
50000
50163
50164
50166
50167
50168
50170
50171
50175
50179
50342
50343
50344
50346
50347
50348
50350
50351
50355
50359
50522
50523
50524
50526
50527
50528
50530
50531
50535
50539
50699
50700
50701
50703
50704
50705
50707
50708
50712
50716
50871
50872
50873
50875
50876
50877
50879
50880
50884
50888
51029
51030
51031
51032
51033
51034
51035
51036
51037
51038
51039
51040
51050
51202
51204
51205
51206
51208
51209
51210
51216
51380
51381
51382
51384
51385
51386
51388
51389
51398
51402
51556
51557
51558
51560
51561
51562
51564
51565
51572
51726
51727
51728
51730
51731
51732
51734
51735
51739
51743
51899
51900
51901
51903
51904
51905
51907
51908
51920
52052
52053
52054
52056
52057
52058
52060
52061
52065
52069
52233
52234
52235
52237
52238
52239
52241
52242
52246
52250
52409
52411
52412
52413
52415
52416
52417
52420
52424
52428
52567
52569
52570
52571
52573
52574
52575
52577
52578
52581
52585
52741
52742
52743
52745
52746
52747
52749
52750
52754
52758
52917
52918
52919
52921
52922
52923
52925
52926
52930
52934
53089
53090
53091
53093
53094
53095
53097
53098
53102
53106
53262
53264
53265
53266
53268
53269
53270
53273
53277
53281
53424
53426
53427
53428
53430
53431
53432
53434
53438
53605
53607
53608
53609
53610
53611
53612
53613
53614
53615
53616
53617
53620
53624
53791
53793
53794
53795
53797
53798
53799
53802
53806
53960
53962
53963
53964
53966
53967
53968
53971
53975
54136
54138
54139
54140
54141
54142
54143
54144
54145
54146
54147
54148
54149
54152
54156
54297
54299
54300
54301
54303
54304
54305
54308
54479
54481
54482
54483
54485
54486
54487
54490
54499
54634
54635
54636
54638
54639
54640
54642
54643
54652
54656
54813
54815
54816
54817
54819
54820
54821
54832
54836
54995
54997
54998
54999
55001
55002
55003
55006
55179
55180
55181
55183
55184
55185
55188
55192
55355
55356
55357
55359
55360
55361
55363
55364
55365
55373
55374
55531
55532
55533
55535
55536
55537
55539
55540
55541
55551
55691
55693
55694
55695
55697
55698
55699
55702
55706
55710
55869
55871
55872
55873
55875
55876
55877
55879
55883
55887
56044
56045
56046
56047
56048
56049
56050
56051
56052
56053
56054
56055
56056
56057
56058
56059
56062
56224
56225
56226
56228
56229
56230
56232
56233
56237
56241
56397
56398
56399
56400
56401
56402
56403
56404
56405
56406
56407
56408
56409
56410
56423
