115
117
118
119
121
122
123
126
130
258
259
260
262
263
264
266
267
271
275
427
428
429
431
432
433
435
436
440
444
611
613
614
615
617
618
619
622
626
630
801
802
803
804
806
807
808
810
811
815
819
964
965
967
968
969
971
972
976
980
1123
1124
1125
1126
1127
1128
1129
1130
1131
1132
1133
1135
1136
1140
1144
1311
1312
1313
1315
1316
1317
1319
1320
1321
1324
1328
1459
1461
1462
1463
1465
1466
1467
1470
1474
1640
1642
1643
1644
1646
1647
1648
1651
1655
1831
1832
1833
1835
1836
1837
1839
1840
1844
1848
2017
2019
2020
2021
2023
2024
2025
2027
2028
2032
2036
2205
2207
2208
2209
2211
2212
2213
2216
2220
2397
2398
2399
2401
2402
2403
2405
2406
2410
2414
2553
2554
2555
2556
2557
2558
2560
2561
2562
2565
2569
2721
2722
2724
2725
2726
2728
2729
2730
2733
2737
2895
2897
2898
2899
2901
2902
2903
2905
2906
2910
2914
3064
3065
3066
3067
3068
3070
3071
3072
3075
3079
3245
3246
3247
3249
3250
3251
3253
3254
3258
3262
3424
3425
3426
3428
3429
3430
3432
3433
3437
3441
3609
3610
3611
3613
3614
3615
3617
3618
3622
3626
3777
3778
3779
3781
3782
3783
3785
3789
3793
3959
3960
3961
3963
3964
3965
3967
3968
3972
3976
4120
4121
4122
4123
4125
4126
4127
4129
4130
4134
4138
4313
4314
4315
4317
4318
4319
4321
4322
4323
4326
4330
4493
4495
4496
4497
4499
4500
4501
4504
4507
4674
4675
4676
4678
4679
4680
4683
4687
4831
4832
4833
4834
4835
4836
4838
4839
4840
4843
4847
4987
4988
4989
4991
4992
4993
4995
4996
5000
5004
5181
5183
5184
5185
5187
5188
5189
5192
5350
5352
5353
5354
5356
5357
5358
5361
5365
5533
5534
5535
5537
5538
5539
5541
5542
5546
5550
5690
5691
5692
5694
5695
5696
5698
5699
5703
5707
5871
5872
5873
5875
5876
5877
5879
5880
5881
5884
5888
6040
6041
6042
6044
6045
6046
6048
6049
6053
6057
6219
6220
6221
6222
6223
6224
6226
6227
6228
6231
6235
6409
6411
6412
6413
6415
6416
6417
6420
6424
6595
6597
6598
6599
6601
6602
6603
6605
6606
6610
6614
6777
6779
6780
6781
6783
6784
6785
6788
6792
6949
6950
6951
6952
6953
6954
6955
6957
6958
6959
6962
6966
7116
7117
7118
7120
7121
7122
7124
7125
7126
7129
7133
7302
7304
7305
7306
7308
7309
7310
7313
7317
7320
7473
7474
7475
7476
7478
7479
7480
7482
7483
7487
7491
7632
7634
7635
7636
7638
7639
7640
7643
7646
7818
7819
7820
7821
7822
7823
7825
7826
7827
7830
7834
8007
8008
8009
8010
8011
8012
8013
8014
8015
8016
8017
8018
8161
8162
8164
8165
8166
8168
8169
8173
8177
8328
8329
8330
8331
8333
8334
8335
8337
8338
8342
8346
8498
8499
8500
8502
8503
8504
8506
8507
8510
8513
8686
8687
8688
8690
8691
8692
8694
8695
8696
8699
8703
8868
8869
8870
8872
8873
8874
8876
8877
8881
8885
9064
9066
9067
9068
9070
9071
9072
9075
9079
9256
9258
9259
9260
9262
9263
9264
9267
9271
9398
9399
9400
9401
9402
9404
9405
9409
9413
9570
9572
9573
9574
9576
9577
9578
9580
9581
9585
9589
9754
9755
9756
9758
9759
9760
9762
9763
9767
9771
9950
9951
9952
9953
9954
9955
9956
9957
9958
9959
9960
9961
10104
10106
10107
10108
10110
10111
10112
10115
10119
10290
10291
10292
10293
10294
10296
10297
10298
10301
10305
10309
10472
10474
10475
10476
10478
10479
10480
10482
10483
10487
10491
10652
10653
10654
10656
10657
10658
10660
10661
10662
10665
10669
10825
10826
10827
10829
10830
10831
10833
10834
10838
10842
10977
10979
10980
10981
10983
10984
10985
10987
10988
10992
10996
11161
11163
11164
11165
11167
11168
11169
11172
11176
11345
11346
11347
11349
11350
11351
11353
11354
11358
11362
11508
11510
11511
11512
11514
11515
11516
11519
11522
11671
11672
11673
11675
11676
11677
11679
11680
11681
11684
11688
11829
11831
11832
11833
11835
11836
11837
11840
11844
12003
12005
12006
12007
12009
12010
12011
12014
12018
12188
12190
12191
12192
12194
12195
12196
12199
12203
12374
12375
12376
12378
12379
12380
12382
12383
12384
12564
12565
12567
12568
12569
12571
12572
12576
12580
12738
12740
12741
12742
12744
12745
12746
12749
12753
12922
12923
12924
12926
12927
12928
12930
12934
12938
13082
13083
13084
13086
13087
13088
13090
13091
13095
13099
13258
13259
13260
13262
13263
13264
13266
13267
13270
13274
13425
13426
13427
13429
13430
13431
13433
13434
13438
13442
13607
13609
13610
13611
13613
13614
13615
13617
13618
13622
13626
13769
13770
13771
13773
13774
13775
13777
13778
13782
13786
13949
13950
13951
13953
13954
13955
13957
13958
13962
13966
14095
14097
14098
14099
14101
14102
14103
14105
14106
14110
14114
14270
14271
14272
14274
14275
14276
14278
14279
14283
14287
14433
14435
14436
14437
14439
14440
14441
14444
14448
14622
14623
14624
14626
14627
14628
14630
14631
14635
14639
14771
14773
14774
14775
14777
14778
14779
14782
14786
14922
14924
14925
14926
14928
14929
14930
14933
14937
15115
15116
15117
15119
15120
15121
15123
15124
15128
15132
15282
15284
15285
15286
15288
15289
15290
15293
15297
15462
15463
15464
15466
15467
15468
15470
15471
15472
15475
15479
15644
15646
15647
15648
15650
15651
15652
15655
15659
15832
15834
15835
15836
15838
15839
15840
15842
15843
15847
15851
16013
16015
16016
16017
16019
16020
16021
16024
16028
16200
16201
16202
16204
16205
16206
16208
16209
16213
16217
16352
16354
16355
16356
16358
16359
16360
16363
16367
16517
16519
16520
16521
16523
16524
16525
16528
16532
16683
16684
16685
16686
16688
16689
16690
16692
16693
16697
16701
16865
16866
16867
16869
16870
16871
16873
16874
16878
16882
17054
17055
17056
17058
17059
17060
17062
17063
17067
17071
17230
17232
17233
17234
17236
17237
17238
17241
17245
17412
17414
17415
17416
17418
17419
17420
17423
17427
17431
17584
17585
17586
17588
17589
17590
17592
17593
17597
17601
17776
17778
17779
17780
17782
17783
17784
17787
17791
17932
17933
17934
17936
17937
17938
17940
17941
17942
17945
17948
18110
18111
18112
18114
18115
18116
18118
18119
18123
18127
18293
18294
18295
18297
18298
18299
18301
18302
18306
18310
18471
18473
18474
18475
18477
18478
18479
18482
18486
18630
18631
18632
18634
18635
18636
18639
18643
18782
18783
18784
18785
18786
18788
18789
18790
18793
18959
18960
18961
18963
18964
18965
18967
18968
18969
18972
18976
19141
19142
19143
19145
19146
19147
19149
19150
19154
19157
19325
19326
19327
19328
19329
19330
19331
19332
19333
19335
19336
19340
19343
19478
19480
19481
19482
19484
19485
19486
19489
19493
19673
19674
19675
19677
19678
19679
19682
19686
19857
19858
19859
19860
19861
19862
19863
19865
19866
19867
19870
19874
20174
20175
20176
20178
20179
20180
20182
20183
20187
20360
20361
20362
20364
20365
20366
20368
20369
20373
20377
20549
20550
20551
20553
20554
20556
20557
20561
20565
20736
20737
20738
20740
20741
20742
20745
20749
20902
20903
20904
20905
20906
20907
20909
20910
20911
20914
20918
21075
21076
21077
21079
21080
21081
21083
21084
21088
21092
21237
21238
21239
21241
21242
21243
21245
21246
21247
21250
21254
21416
21418
21419
21420
21422
21423
21424
21426
21427
21431
21435
21575
21576
21577
21579
21580
21582
21583
21584
21587
21591
21752
21753
21754
21755
21756
21757
21758
21759
21760
21761
21762
21765
21769
21920
21921
21922
21924
21925
21926
21928
21929
21930
21933
21937
22096
22098
22099
22100
22102
22103
22104
22106
22107
22111
22115
22290
22291
22292
22294
22295
22296
22298
22299
22303
22307
22469
22470
22471
22473
22474
22475
22477
22478
22482
22486
22645
22646
22647
22649
22650
22651
22653
22654
22658
22662
22826
22827
22828
22829
22830
22831
22832
22834
22835
22836
22839
22843
22991
22993
22994
22995
22997
22998
22999
23002
23006
23159
23160
23162
23163
23165
23166
23170
23173
23330
23331
23332
23334
23335
23336
23338
23339
23340
23343
23347
23509
23510
23511
23513
23514
23515
23517
23518
23522
23526
23675
23676
23677
23679
23680
23681
23683
23684
23688
23692
23858
23859
23860
23861
23862
23863
23864
23865
23866
23867
23869
23870
23874
23878
24037
24038
24039
24041
24042
24043
24045
24046
24047
24050
24054
24205
24207
24208
24209
24211
24212
24213
24216
24220
24381
24382
24383
24384
24385
24387
24388
24389
24391
24392
24396
24400
24555
24556
24557
24559
24560
24561
24563
24564
24568
24572
24734
24736
24737
24738
24740
24741
24742
24745
24749
24928
24929
24931
24932
24933
24935
24936
24937
24940
24944
25103
25105
25106
25107
25109
25110
25111
25114
25118
25288
25289
25290
25292
25293
25294
25296
25297
25301
25305
25478
25479
25480
25482
25483
25484
25486
25487
25491
25495
25628
25630
25631
25632
25634
25635
25636
25638
25639
25643
25647
25800
25802
25803
25804
25806
25807
25808
25811
25815
25985
25987
25988
25989
25991
25992
25993
25996
26000
26166
26168
26169
26170
26172
26173
26174
26177
26181
26337
26338
26339
26341
26342
26343
26345
26346
26350
26354
26528
26529
26531
26532
26533
26535
26536
26537
26540
26544
26700
26702
26703
26704
26706
26707
26708
26710
26711
26715
26719
27032
27033
27034
27036
27037
27038
27040
27041
27045
27049
27219
27221
27222
27223
27225
27226
27227
27230
27234
27403
27405
27406
27407
27409
27410
27411
27414
27578
27579
27581
27582
27583
27585
27586
27590
27594
27771
27772
27773
27775
27776
27777
27779
27780
27784
27788
27944
27945
27946
27948
27949
27951
27952
27956
27960
28125
28127
28128
28129
28131
28132
28133
28136
28140
28298
28300
28301
28302
28304
28305
28306
28309
28313
28484
28485
28486
28488
28489
28490
28492
28493
28497
28501
28646
28648
28649
28650
28652
28653
28654
28657
28661
28804
28805
28806
28808
28809
28810
28812
28813
28814
28817
28821
28968
28969
28970
28972
28973
28974
28976
28977
28978
28981
28985
29130
29131
29132
29134
29135
29136
29138
29139
29143
29147
29315
29317
29318
29319
29321
29322
29323
29325
29326
29329
29333
29498
29499
29500
29501
29502
29503
29504
29506
29507
29508
29510
29514
29661
29828
29830
29831
29832
29834
29835
29836
29839
29843
30017
30019
30020
30021
30023
30024
30025
30028
30032
30174
30175
30176
30177
30178
30179
30181
30182
30186
30190
30327
30328
30329
30330
30332
30333
30334
30336
30337
30341
30345
30502
30503
30504
30506
30507
30508
30510
30511
30515
30519
30685
30687
30688
30689
30691
30692
30693
30696
30700
30877
30879
30880
30881
30883
30884
30885
30887
30888
30891
30895
31034
31193
31194
31195
31196
31198
31199
31200
31202
31203
31207
31211
31380
31381
31382
31384
31385
31386
31388
31389
31390
31393
31397
31571
31572
31573
31575
31576
31578
31579
31583
31587
31741
31743
31744
31745
31747
31748
31749
31752
31756
31917
31918
31919
31921
31922
31923
31925
31926
31930
31934
32099
32100
32101
32103
32104
32105
32107
32108
32112
32116
32286
32287
32288
32290
32291
32292
32294
32295
32296
32299
32302
32435
32436
32437
32438
32439
32441
32442
32443
32446
32450
32604
32606
32607
32608
32610
32611
32612
32615
32619
32779
32781
32782
32783
32785
32786
32787
32790
32794
32953
32955
32956
32957
32959
32960
32961
32964
32968
33114
33115
33116
33118
33119
33120
33122
33123
33124
33127
33131
33300
33301
33302
33304
33305
33306
33308
33309
33313
33317
33497
33498
33499
33501
33502
33503
33505
33506
33510
33514
33675
33676
33677
33679
33680
33681
33683
33684
33688
33692
33834
33835
33837
33838
33839
33841
33842
33846
33849
34016
34017
34018
34019
34020
34021
34022
34023
34025
34026
34030
34033
34186
34188
34189
34190
34192
34193
34194
34197
34201
34376
34377
34378
34380
34381
34382
34384
34385
34389
34393
34566
34567
34568
34570
34571
34572
34574
34575
34579
34583
34739
34740
34741
34743
34744
34745
34748
34752
34895
34896
34897
34899
34900
34901
34903
34904
34908
34912
35073
35074
35075
35077
35078
35079
35081
35082
35086
35090
35240
35242
35243
35244
35246
35247
35248
35250
35251
35255
35421
35422
35423
35424
35425
35426
35427
35428
35429
35431
35432
35436
35440
35596
35597
35599
35600
35601
35603
35604
35605
35608
35612
35781
35783
35784
35785
35787
35788
35789
35792
35796
35971
35972
35973
35975
35976
35977
35979
35980
35981
35984
35988
36135
36136
36137
36138
36140
36141
36142
36144
36145
36149
36153
36316
36318
36319
36320
36322
36323
36324
36327
36331
36504
36506
36507
36508
36509
36510
36511
36514
36518
36669
36670
36671
36673
36674
36675
36677
36678
36682
36686
36862
36863
36864
36865
36866
36867
36868
36870
36871
36872
36875
36879
37045
37046
37047
37049
37050
37051
37053
37054
37058
37062
37196
37198
37199
37200
37202
37203
37204
37207
37211
37215
37380
37382
37383
37384
37386
37387
37388
37390
37391
37395
37399
37570
37571
37572
37573
37574
37575
37576
37577
37578
37579
37580
37581
37582
37585
37589
37744
37745
37746
37748
37749
37750
37752
37753
37756
37760
37923
37924
37925
37926
37927
37928
37929
37930
37931
37932
37934
37935
37939
37943
38097
38099
38100
38101
38103
38104
38105
38108
38112
38283
38285
38286
38288
38289
38290
38293
38297
38437
38438
38439
38441
38442
38443
38445
38446
38447
38450
38454
38627
38628
38629
38630
38631
38632
38633
38634
38635
38637
38638
38642
38646
38811
38813
38814
38815
38817
38818
38819
38821
38822
38826
38830
38993
38994
38995
38996
38997
38998
38999
39000
39001
39002
39004
39005
39008
39012
39175
39177
39178
39179
39181
39182
39183
39186
39190
39359
39360
39361
39363
39364
39366
39367
39371
39375
39502
39503
39504
39505
39506
39507
39510
39514
39669
39671
39672
39673
39675
39676
39677
39679
39683
39861
39862
39863
39865
39866
39867
39869
39870
39874
39878
40056
40058
40059
40060
40062
40063
40064
40067
40071
40219
40220
40221
40223
40224
40225
40227
40228
40232
40236
40396
40398
40399
40400
40402
40403
40404
40407
40411
40584
40585
40586
40587
40588
40590
40591
40592
40595
40599
40603
40733
40735
40736
40737
40739
40740
40741
40742
40743
40747
40920
40922
40923
40924
40926
40927
40928
40930
40931
40935
40939
41106
41107
41108
41110
41111
41113
41114
41118
41122
41293
41294
41296
41297
41298
41300
41301
41304
41308
41467
41469
41470
41471
41473
41474
41475
41478
41482
41649
41650
41651
41653
41654
41655
41657
41658
41662
41666
41834
41836
41837
41838
41840
41841
41842
41844
41845
41849
41853
41999
42000
42001
42002
42003
42004
42005
42007
42008
42012
42016
42167
42168
42169
42171
42172
42173
42175
42176
42180
42184
42354
42356
42357
42358
42360
42361
42362
42364
42365
42369
42373
42529
42530
42531
42533
42534
42535
42537
42538
42688
42689
42690
42692
42693
42694
42697
42701
42705
42875
42876
42877
42878
42880
42881
42882
42884
42885
42889
42893
43032
43034
43035
43036
43038
43039
43040
43042
43043
43047
43051
43229
43231
43232
43233
43235
43236
43237
43240
43244
43401
43402
43410
43581
43583
43584
43585
43587
43588
43589
43592
43596
43600
43769
43770
43771
43773
43774
43775
43777
43778
43782
43786
43940
43942
43943
43944
43946
43947
43948
43951
43955
44104
44105
44106
44108
44109
44110
44112
44113
44117
44121
44281
44282
44283
44285
44286
44288
44289
44290
44293
44297
44439
44440
44441
44443
44444
44445
44447
44448
44449
44452
44456
44632
44633
44634
44636
44637
44638
44640
44641
44645
44649
44822
44823
44824
44825
44826
44827
44829
44830
44831
44834
44838
44972
44974
44975
44976
44978
44979
44980
44982
44983
44987
44991
45139
45141
45142
45143
45145
45146
45147
45150
45154
45313
45314
45315
45316
45317
45318
45319
45321
45322
45323
45326
45330
45478
45480
45481
45483
45484
45485
45488
45492
45666
45667
45668
45669
45670
45671
45672
45674
45675
45676
45679
45683
45858
45860
45861
45862
45864
45865
45868
45872
46046
46047
46048
46050
46051
46052
46054
46055
46059
46063
46228
46229
46230
46232
46233
46234
46236
46237
46241
46245
46391
46393
46394
46395
46397
46398
46399
46402
46406
46544
46546
46547
46548
46550
46551
46552
46555
46559
46563
46726
46727
46728
46730
46731
46732
46734
46735
46739
46743
46895
46897
46898
46899
46901
46902
46903
46906
46910
47084
47085
47086
47088
47089
47090
47092
47093
47097
47101
47267
47268
47269
47270
47271
47272
47273
47274
47275
47276
47277
47278
47279
47280
47283
47287
47437
47438
47439
47441
47442
47444
47445
47449
47453
47618
47619
47620
47621
47623
47624
47625
47627
47628
47632
47636
47793
47794
47795
47797
47798
47799
47801
47802
47806
47810
47984
47986
47987
47988
47990
47991
47992
47995
47999
48003
48166
48167
48168
48169
48170
48171
48173
48174
48175
48178
48182
48351
48352
48353
48354
48355
48356
48357
48358
48359
48360
48361
48362
48363
48364
48365
48366
48369
48373
48552
48553
48554
48556
48557
48558
48560
48561
48565
48569
48716
48718
48719
48720
48722
48723
48724
48726
48727
48731
48735
48868
48869
48870
48872
48873
48874
48876
48877
48881
48885
49045
49046
49048
49049
49050
49052
49053
49054
49057
49061
49205
49206
49207
49209
49210
49211
49213
49214
49218
49222
49397
49398
49399
49400
49401
49402
49403
49405
49406
49407
49410
49414
49571
49572
49573
49574
49575
49576
49577
49578
49579
49580
49582
49583
49587
49591
49735
49737
49738
49739
49741
49742
49743
49746
49750
49754
49920
49921
49923
49924
49925
49927
49928
49932
49936
50082
50083
50084
50086
50087
50088
50090
50091
50094
50098
50265
50266
50267
50268
50269
50270
50271
50272
50273
50275
50276
50280
50283
50452
50453
50454
50455
50456
50457
50458
50460
50461
50462
50465
50633
50635
50636
50637
50639
50640
50641
50644
50648
50819
50821
50822
50823
50825
50826
50827
50830
50834
51003
51004
51005
51007
51008
51009
51011
51012
51016
51020
51156
51158
51159
51160
51162
51163
51164
51166
51167
51171
51175
51314
51315
51316
51317
51319
51320
51321
51323
51324
51328
51332
51505
51506
51507
51508
51509
51510
51511
51513
51514
51515
51518
51522
51702
51703
51704
51705
51707
51708
51709
51711
51712
51716
51720
51885
51887
51888
51889
51891
51892
51893
51896
51900
51904
52042
52044
52045
52046
52048
52049
52050
52052
52053
52057
52227
52228
52229
52231
52232
52233
52235
52236
52237
52240
52244
52373
52375
52376
52377
52379
52380
52383
52387
52389
52556
52557
52558
52560
52561
52562
52564
52565
52569
52573
52736
52738
52739
52740
52742
52743
52744
52747
52751
52927
52928
52929
52931
52932
52933
52935
52939
52943
53094
53096
53097
53098
53100
53101
53102
53104
53105
53109
53113
53288
53289
53290
53292
53293
53294
53296
53297
53298
53301
53305
53437
53439
53440
53441
53443
53444
53445
53448
53452
53615
53616
53617
53618
53620
53621
53622
53624
53625
53629
53633
53797
53798
53799
53801
53802
53803
53805
53806
53810
53814
53983
53985
53986
53987
53989
53990
53991
53993
53994
53998
54002
54180
54181
54183
54184
54185
54187
54188
54189
54192
54196
54348
54350
54351
54352
54354
54355
54356
54359
54363
54521
54522
54523
54525
54526
54527
54529
54530
54534
54538
54699
54700
54701
54703
54704
54706
54707
54711
54715
54883
54884
54885
54887
54888
54889
54891
54892
54893
54896
54900
55068
55069
55070
55072
55073
55074
55076
55077
55078
55081
55085
55254
55255
55256
55258
55259
55260
55262
55263
55267
55271
55447
55448
55449
55451
55452
55453
55455
55456
55460
55463
55637
55639
55640
55641
55643
55644
55645
55647
55651
55797
55798
55799
55801
55802
55803
55805
55806
55810
55814
55957
55958
55959
55960
55961
55963
55964
55965
55968
55972
56144
56146
56147
56148
56150
56151
56152
56155
56159
56337
56338
56339
56341
56342
56343
56345
56349
56353
56517
56691
56692
56693
56695
56696
56697
56699
56700
56703
56707
56884
56885
56886
56888
56889
56890
56892
56893
56894
56897
56901
57062
57064
57065
57066
57068
57069
57070
57073
57077
57225
57226
57227
57229
57230
57231
57233
57234
57235
57238
57242
57410
57411
57412
57414
57415
57416
57418
57419
57423
57427
57594
57596
57597
57598
57600
57601
57602
57605
57609
57613
57784
57785
57786
57788
57789
57790
57792
57793
57794
57953
57955
57956
57957
57959
57960
57961
57964
57968
58122
58123
58124
58125
58126
58127
58129
58130
58131
58134
58138
58304
58305
58306
58307
58309
58310
58311
58313
58314
58317
58475
58476
58477
58478
58479
58480
58481
58482
58484
58485
58489
58664
58666
58667
58668
58670
58671
58672
58674
58675
58678
58682
58840
58842
58843
58844
58846
58847
58848
58851
58855
59040
59041
59042
59043
59044
59045
59046
59047
59048
59050
59051
59055
59059
59226
59228
59229
59230
59232
59233
59234
59237
59241
59387
59388
59389
59391
59392
59393
59395
59396
59397
59400
59403
59585
59586
59587
59588
59590
59591
59592
59594
59595
59599
59603
59770
59772
59773
59774
59776
59777
59778
59780
59781
59785
59789
59959
59960
59961
59963
59964
59965
59967
59968
59969
59972
59976
60140
60141
60142
60144
60145
60146
60148
60149
60150
60153
60157
60305
60306
60307
60308
60309
60310
60311
60312
60313
60314
60315
60316
60319
60323
60473
60474
60476
60477
60478
60480
60481
60482
60485
60489
60643
60644
60645
60646
60647
60649
60650
60651
60654
60658
60832
60833
60834
60836
60837
60838
60840
60841
60845
60849
61021
61023
61025
61026
61027
61029
61030
61031
61034
61038
61230
61231
61232
61233
61234
61235
61236
61238
61239
61240
61243
61247
61400
61401
61402
61404
61405
61406
61408
61409
61410
61413
61417
61596
61598
61599
61600
61602
61603
61604
61606
61607
61611
61615
61781
61783
61784
61785
61787
61788
61789
61792
61796
61954
61955
61956
61958
61959
61960
61962
61963
61967
61971
62118
62119
62120
62122
62123
62124
62126
62127
62131
62135
62310
62312
62314
62315
62316
62318
62319
62320
62323
62327
62492
62493
62494
62496
62497
62498
62500
62501
62502
62505
62509
62680
62681
62682
62684
62685
62686
62688
62689
62693
62697
62875
62876
62877
62878
62879
62880
62881
62882
62883
62885
62886
62890
62894
63073
63075
63076
63077
63079
63080
63081
63083
63084
63088
63092
63262
63263
63264
63265
63266
63268
63269
63270
63272
63273
63277
63281
63439
63441
63442
63443
63445
63446
63447
63450
63454
63616
63618
63619
63620
63622
63623
63624
63626
63627
63631
63635
63804
63806
63807
63808
63810
63811
63812
63814
63815
63819
63822
63966
63968
63969
63970
63972
63973
63974
63977
63981
63985
64155
64157
64159
64160
64161
64163
64164
64165
64168
64172
64330
64331
64332
64334
64335
64336
64338
64339
64340
64343
64347
64495
64496
64497
64499
64500
64501
64503
64504
64505
64508
64512
64689
64691
64692
64693
64695
64696
64697
64700
64704
64880
64881
64882
64884
64885
64886
64888
64889
64893
64897
65071
65072
65073
65075
65076
65077
65079
65080
65084
65088
65258
65259
65260
65261
65263
65264
65265
65267
65268
65272
65276
65403
65404
65405
65406
65407
65410
65414
65579
65580
65581
65582
65584
65585
65586
65588
65589
65593
65597
65769
65770
65771
65773
65774
65775
65777
65778
65782
65786
65969
65971
65972
65973
65975
65976
65977
65980
65982
66163
66165
66166
66167
66169
66170
66171
66173
66174
66178
66365
66367
66368
66369
66371
66372
66373
66376
66380
66560
66562
66563
66564
66566
66567
66568
66571
66575
66709
66710
66717
66883
66884
66885
66887
66888
66889
66891
66892
66896
66900
67079
67081
67082
67083
67085
67086
67087
67089
67090
67094
67098
67274
67275
67276
67278
67279
67280
67282
67283
67287
67291
67472
67473
67474
67475
67476
67477
67478
67479
67480
67481
67483
67484
67487
67491
67665
67666
67667
67669
67670
67671
67673
67674
67678
67682
67834
67836
67837
67838
67840
67841
67842
67844
67845
67849
67853
68019
68020
68021
68023
68024
68025
68027
68028
68032
68036
