655
1403
1600
1771
1929
2315
2671
2873
3018
3199
3560
4261
4444
4624
4992
5174
5701
5884
6967
7354
8070
8232
8782
8952
9135
9314
9497
10018
11435
11803
12871
13573
13759
13942
14122
14308
14489
14841
15014
15355
15734
16210
16392
16572
16751
16927
17665
17853
18042
18196
18561
19634
20009
20398
21244
21597
21772
22125
22495
22829
23171
23533
23905
24430
24610
24804
25001
25187
25335
25525
25705
26067
26597
27334
27519
27671
27856
28217
28410
28938
29126
29310
29878
30223
30397
30577
30764
31295
31484
31632
31821
32183
32359
32543
32918
33609
33798
33956
34329
34521
34681
35192
35389
35750
36109
36458
36639
36832
37012
37363
37543
37697
37886
38049
38568
38744
38931
39117
39301
39448
39810
40564
41088
41495
41849
42197
42387
42573
42940
43320
43507
43677
43869
44200
44548
45092
45455
45813
46191
47984
48174
48346
48547
48737
49069
49447
49636
49831
49995
50194
50538
50730
50921
51106
51290
51439
51625
52190
52361
52535
52704
53258
53636
53784
54155
54529
54696
54884
55053
55248
55436
55827
56197
56349
57031
57360
57547
57914
58105
58298
58641
58831
59018
59544
59725
59899
60076
60820
61360
61926
62103
62675
62863
63209
63551
63744
63945
64136
64332
64505
65037
65417
65618
65786
65980
66157
66344
66538
66724
66896
67266
67428
67600
67795
68128
68310
69252
