34
35
36
37
38
39
40
41
42
43
44
45
213
215
217
219
221
223
224
228
232
392
394
396
398
400
401
402
405
407
544
546
548
550
552
553
557
561
715
717
719
721
723
725
728
732
898
900
902
904
906
908
909
913
917
1078
1080
1082
1084
1086
1087
1088
1091
1094
1257
1259
1261
1263
1265
1267
1268
1272
1274
1437
1439
1441
1442
1444
1445
1446
1449
1453
1590
1592
1594
1596
1598
1599
1600
1603
1607
1757
1759
1761
1763
1765
1767
1768
1772
1776
1933
1935
1937
1939
1941
1942
1943
1946
1950
2109
2111
2113
2115
2117
2119
2120
2128
2291
2293
2295
2297
2299
2302
2306
2472
2474
2476
2478
2480
2481
2485
2488
2653
2655
2657
2659
2661
2663
2664
2667
2810
2812
2814
2816
2817
2818
2821
2825
2997
2999
3001
3003
3005
3007
3008
3156
3158
3160
3162
3164
3166
3169
3173
3343
3345
3347
3349
3351
3354
3358
3523
3525
3527
3529
3531
3532
3533
3536
3540
3713
3715
3717
3719
3721
3722
3723
3726
3730
3878
3880
3882
3884
3886
3887
3890
3894
4058
4060
4061
4063
4064
4066
4070
4074
4213
4215
4217
4219
4221
4222
4223
4226
4230
4402
4404
4406
4408
4410
4412
4413
4417
4421
4585
4587
4589
4591
4593
4594
4595
4598
4602
4768
4770
4772
4774
4776
4778
4779
4929
4931
4933
4935
4937
4938
4939
4942
4946
5115
5117
5119
5121
5123
5124
5128
5132
5300
5302
5304
5306
5308
5309
5460
5462
5464
5466
5468
5469
5470
5473
5637
5639
5641
5643
5645
5647
5648
5652
5656
5811
5813
5815
5817
5819
5821
5822
5826
5830
5999
6001
6003
6005
6007
6008
6009
6012
6016
6164
6166
6168
6170
6172
6174
6175
6183
6342
6344
6346
6348
6350
6353
6357
6361
6506
6508
6510
6512
6514
6515
6516
6519
6523
6693
6695
6697
6699
6701
6703
6706
6710
6885
6887
6889
6891
6893
6896
6900
6904
7055
7057
7059
7061
7063
7064
7068
7072
7237
7239
7241
7243
7245
7247
7248
7252
7256
7397
7399
7401
7403
7405
7406
7410
7414
7588
7589
7591
7593
7595
7597
7598
7602
7606
7760
7762
7763
7765
7767
7768
7769
7772
7776
7947
7949
7951
7953
7955
7956
7957
7960
7964
8142
8144
8146
8148
8150
8151
8155
8159
8319
8321
8323
8325
8327
8329
8331
8335
8489
8491
8493
8495
8497
8498
8506
8646
8648
8650
8652
8654
8655
8656
8659
8663
8822
8824
8826
8828
8830
8832
8833
8837
8841
8993
8994
8996
8998
9000
9002
9003
9007
9011
9195
9197
9199
9201
9203
9204
9208
9212
9380
9382
9384
9386
9388
9390
9391
9395
9399
9542
9544
9546
9548
9550
9552
9553
9557
9561
9727
9729
9731
9733
9735
9736
9737
9740
9744
9907
9909
9911
9913
9915
9917
9918
9922
9926
10090
10092
10094
10096
10098
10100
10103
10107
10284
10286
10288
10290
10292
10294
10295
10299
10303
10479
10481
10483
10485
10487
10488
10489
10492
10496
10651
10653
10655
10657
10659
10661
10662
10665
10669
10827
10829
10831
10833
10835
10836
10844
10984
10986
10988
10990
10992
10994
10997
11001
11168
11170
11172
11174
11176
11178
11179
11183
11187
11330
11332
11333
11335
11337
11340
11344
11497
11499
11501
11503
11505
11506
11510
11514
11689
11691
11693
11695
11697
11699
11700
11704
11708
11876
11878
11880
11882
11884
11885
11889
11893
12045
12047
12049
12051
12053
12054
12060
12208
12210
12212
12214
12216
12218
12219
12222
12226
12377
12379
12380
12382
12384
12385
12393
12551
12553
12555
12557
12559
12560
12564
12568
12740
12742
12744
12746
12748
12749
12753
12756
12917
12919
12921
12923
12925
12927
12930
12934
13106
13108
13110
13112
13114
13116
13117
13121
13125
13258
13260
13262
13264
13266
13267
13268
13271
13275
13433
13435
13437
13439
13441
13442
13443
13446
13450
13607
13609
13611
13613
13615
13617
13618
13622
13626
13805
13807
13809
13811
13813
13816
13820
13990
13992
13994
13996
13998
14000
14001
14005
14009
14123
14124
14125
14127
14129
14131
14132
14133
14136
14140
14309
14311
14313
14315
14317
14318
14319
14322
14326
14474
14476
14478
14480
14482
14483
14487
14491
14662
14664
14666
14668
14670
14673
14677
14681
14855
14857
14859
14861
14870
14874
15043
15045
15047
15049
15051
15053
15054
15058
15062
15238
15240
15242
15244
15246
15248
15249
15253
15257
15428
15430
15432
15434
15436
15437
15441
15445
15585
15587
15589
15591
15593
15594
15598
15601
15772
15774
15776
15778
15780
15782
15783
15787
15791
15930
15932
15934
15937
15940
15944
16125
16127
16129
16131
16133
16134
16138
16142
16308
16310
16312
16314
16316
16318
16319
16323
16327
16483
16485
16487
16489
16491
16494
16498
16674
16676
16678
16680
16682
16684
16685
16689
16692
16837
16839
16841
16843
16844
16845
16849
16853
17009
17011
17013
17015
17017
17018
17022
17026
17196
17198
17200
17202
17204
17206
17207
17211
17215
17385
17387
17389
17391
17393
17395
17396
17400
17404
17557
17559
17561
17563
17565
17566
17574
17748
17750
17752
17754
17756
17757
17761
17765
17918
17920
17922
17924
17926
17928
17929
17933
17937
18083
18085
18087
18089
18092
18096
18100
18240
18242
18244
18246
18248
18250
18251
18255
18259
18417
18419
18421
18423
18425
18426
18427
18429
18433
18611
18613
18615
18617
18619
18621
18622
18626
18630
18778
18780
18782
18784
18786
18789
18793
18963
18965
18967
18969
18971
18973
18974
18978
18982
19121
19123
19125
19127
19136
19140
19266
19267
19268
19269
19270
19271
19273
19274
19276
19280
19284
19447
19449
19451
19453
19455
19457
19458
19462
19466
19612
19614
19616
19618
19620
19621
19622
19625
19629
19805
19807
19809
19811
19813
19815
19816
19820
19824
20000
20002
20004
20006
20008
20010
20011
20162
20164
20166
20168
20169
20170
20171
20174
20178
20318
20320
20322
20324
20326
20328
20329
20333
20337
20500
20502
20504
20506
20508
20510
20511
20515
20519
20682
20684
20686
20688
20690
20692
20693
20697
20701
20875
20877
20879
20881
20883
20885
20886
20890
20894
21071
21073
21075
21077
21079
21081
21082
21086
21090
21243
21245
21247
21249
21251
21252
21256
21260
21424
21426
21428
21430
21432
21433
21440
21594
21596
21598
21600
21602
21604
21605
21609
21613
21782
21784
21786
21788
21790
21791
21799
21964
21966
21968
21970
21972
21973
21974
21977
21981
22162
22163
22164
22165
22335
22337
22339
22341
22343
22344
22345
22348
22352
22519
22521
22523
22525
22527
22529
22530
22534
22538
22675
22677
22679
22681
22683
22685
22686
22690
22694
22839
22841
22843
22845
22847
22848
22852
22856
23007
23009
23011
23013
23015
23017
23021
23025
23193
23195
23197
23199
23201
23202
23203
23206
23210
23361
23363
23365
23367
23369
23372
23376
23507
23509
23511
23513
23515
23517
23518
23522
23526
23693
23694
23696
23698
23700
23702
23703
23707
23840
23841
23843
23845
23846
23849
23853
23857
24020
24021
24023
24024
24026
24028
24029
24033
24037
24187
24189
24191
24193
24195
24196
24197
24200
24204
24393
24395
24397
24399
24401
24403
24404
24408
24412
24585
24587
24589
24591
24593
24594
24598
24602
24760
24762
24764
24766
24768
24770
24771
24775
24779
24914
24916
24918
24920
24922
24923
24927
24931
25089
25091
25093
25095
25097
25098
25102
25106
25252
25254
25256
25258
25260
25261
25262
25265
25269
25438
25440
25442
25444
25446
25448
25449
25453
25457
25610
25612
25614
25616
25618
25620
25623
25627
25776
25778
25780
25782
25784
25785
25789
25793
25968
25970
25972
25974
25976
25977
25981
25985
26116
26118
26120
26122
26124
26126
26127
26130
26134
26303
26305
26307
26309
26311
26312
26313
26462
26464
26466
26467
26469
26471
26474
26478
26652
26654
26656
26658
26660
26661
26665
26669
26840
26842
26844
26846
26848
26849
26850
26853
26856
27027
27029
27031
27033
27035
27037
27038
27042
27046
27176
27178
27180
27182
27184
27185
27353
27355
27357
27359
27361
27363
27364
27368
27372
27539
27541
27543
27545
27547
27548
27552
27556
27725
27727
27729
27731
27732
27735
27739
27906
27908
27910
27912
27914
27915
27916
27919
27923
28087
28089
28091
28093
28094
28095
28098
28102
28254
28256
28258
28260
28262
28264
28265
28269
28273
28429
28431
28433
28435
28437
28438
28446
28612
28614
28616
28618
28620
28622
28623
28627
28631
28798
28800
28802
28804
28806
28808
28809
28813
28817
28988
28990
28992
28994
28996
28998
28999
29003
29006
29179
29181
29183
29185
29187
29190
29194
29198
29362
29364
29366
29368
29370
29371
29372
29376
29380
29516
29518
29520
29521
29523
29525
29526
29530
29534
29679
29681
29683
29685
29687
29689
29690
29694
29698
29860
29862
29864
29866
29868
29870
29871
29875
29879
30056
30058
30060
30063
30064
30068
30072
30242
30244
30246
30248
30249
30250
30254
30258
30419
30421
30423
30425
30427
30429
30430
30434
30438
30584
30586
30588
30590
30592
30595
30599
30603
30763
30764
30766
30768
30770
30771
30775
30779
30928
30930
30932
30934
30936
30937
30938
31087
31089
31091
31093
31095
31097
31098
31102
31106
31284
31286
31289
31291
31292
31293
31296
31300
31466
31468
31470
31472
31474
31476
31477
31481
31485
31638
31640
31643
31645
31646
31647
31650
31654
31806
31808
31810
31812
31814
31815
31816
31819
31823
31988
31990
31992
31994
31996
31999
32002
32006
32170
32172
32174
32177
32179
32180
32184
32188
32354
32356
32358
32360
32362
32365
32369
32373
32541
32543
32545
32547
32549
32551
32552
32556
32560
32724
32726
32728
32730
32732
32733
32734
32737
32741
32889
32891
32893
32895
32897
32899
32902
32906
33076
33078
33080
33082
33084
33086
33087
33091
33095
33246
33248
33250
33252
33254
33256
33257
33261
33265
33417
33419
33421
33423
33425
33426
33434
33601
33603
33605
33607
33609
33610
33614
33618
33786
33788
33790
33792
33794
33796
33799
33803
33968
33970
33972
33974
33976
33977
33978
33981
33985
34138
34140
34142
34144
34146
34147
34148
34151
34155
34299
34301
34303
34305
34307
34308
34309
34312
34316
34452
34454
34455
34457
34458
34460
34464
34468
34628
34630
34632
34634
34636
34637
34641
34645
34817
34819
34821
34823
34825
34827
34828
34832
34836
34978
34980
34982
34984
34986
34988
34989
34993
34997
35152
35154
35156
35158
35160
35163
35328
35330
35332
35334
35336
35338
35339
35343
35498
35500
35502
35504
35506
35508
35509
35513
35517
35678
35680
35682
35683
35685
35688
35692
35696
35853
35855
35857
35859
35861
35862
35863
35866
35870
36050
36052
36054
36056
36058
36061
36065
36069
36240
36242
36244
36246
36248
36251
36255
36259
36421
36423
36425
36427
36429
36430
36434
36437
36579
36581
36583
36585
36587
36588
36592
36596
36746
36748
36750
36752
36754
36757
36761
36917
36919
36921
36923
36925
36927
36928
36932
36936
37108
37110
37112
37114
37116
37117
37121
37125
37291
37293
37295
37297
37299
37300
37301
37304
37308
37455
37457
37459
37461
37463
37464
37468
37472
37643
37645
37647
37649
37651
37654
37658
37811
37813
37814
37816
37818
37820
37821
37825
37829
37988
37989
37991
37992
37994
37997
38001
38170
38172
38173
38174
38175
38321
38323
38325
38327
38329
38330
38331
38334
38338
38506
38508
38510
38512
38514
38516
38517
38521
38525
38689
38691
38693
38702
38706
38841
38843
38845
38847
38849
38850
38851
38854
38858
39010
39012
39014
39016
39018
39020
39021
39025
39029
39180
39182
39184
39186
39188
39189
39193
39197
39372
39374
39376
39378
39379
39380
39384
39388
39553
39555
39557
39559
39561
39562
39570
39705
39707
39709
39711
39713
39715
39718
39722
39889
39891
39893
39896
39897
39898
39901
39904
40029
40031
40033
40036
40038
40039
40043
40047
40218
40220
40222
40224
40225
40227
40230
40234
40408
40410
40412
40414
40416
40417
40421
40425
40594
40596
40598
40600
40602
40603
40604
40607
40611
40769
40771
40773
40775
40777
40779
40780
40784
40788
40957
40959
40961
40962
40964
40966
40967
40971
40975
41119
41121
41123
41125
41127
41128
41129
41131
41135
41301
41303
41305
41307
41309
41310
41314
41318
41472
41474
41476
41478
41480
41481
41488
41659
41661
41663
41664
41666
41667
41670
41674
41848
41850
41852
41854
41856
41858
41859
41863
41867
41999
42001
42003
42005
42007
42008
42009
42012
42016
42183
42185
42187
42189
42191
42193
42194
42197
42201
42362
42364
42366
42368
42380
42542
42544
42546
42548
42550
42551
42552
42556
42560
42706
42708
42710
42712
42714
42717
42721
42891
42893
42895
42897
42899
42901
42902
42906
42910
43070
43072
43074
43076
43078
43080
43081
43085
43248
43250
43252
43254
43256
43258
43259
43263
43267
43411
43413
43415
43417
43419
43421
43422
43429
43552
43554
43556
43558
43560
43562
43565
43569
43730
43732
43734
43736
43738
43739
43740
43743
43747
43911
43913
43915
43917
43925
43929
44092
44094
44096
44098
44100
44102
44103
44107
44111
44261
44263
44265
44267
44269
44270
44271
44273
44277
44438
44440
44442
44444
44446
44447
44451
44455
44605
44607
44609
44611
44613
44614
44618
44622
44784
44786
44788
44790
44792
44793
44794
44798
44802
44958
44960
44962
44964
44966
44967
44971
44975
45118
45119
45120
45121
45122
45123
45125
45126
45128
45129
45133
45137
45304
45306
45308
45310
45312
45313
45316
45320
45474
45476
45478
45480
45482
45484
45485
45489
45493
45631
45632
45633
45634
45635
45636
45638
45640
45643
45647
45651
45808
45810
45811
45813
45815
45817
45820
45824
45972
45974
45976
45978
45980
45981
45982
45985
45989
46146
46148
46150
46152
46154
46156
46157
46161
46165
46335
46337
46339
46341
46343
46345
46346
46350
46354
46524
46526
46528
46530
46532
46534
46535
46539
46543
46698
46700
46702
46704
46713
46717
46873
46875
46877
46879
46881
46883
46884
46888
46892
47058
47060
47062
47064
47066
47068
47071
47075
47225
47227
47229
47231
47233
47235
47236
47240
47244
47401
47403
47405
47407
47409
47411
47412
47419
47590
47592
47594
47596
47598
47600
47601
47605
47609
47768
47770
47772
47774
47776
47778
47779
47783
47787
47957
47959
47961
47963
47965
47968
47971
47975
48102
48104
48106
48108
48110
48111
48115
48119
48273
48275
48277
48279
48281
48282
48283
48286
48290
48463
48465
48467
48468
48470
48472
48475
48479
48657
48659
48661
48663
48665
48667
48668
48672
48676
48844
48846
48848
48850
48852
48853
48861
49030
49032
49034
49036
49038
49040
49041
49045
49049
49213
49215
49217
49219
49221
49222
49223
49226
49230
49364
49366
49368
49369
49371
49373
49377
49537
49539
49541
49542
49544
49548
49552
49726
49728
49730
49733
49734
49738
49742
49896
49898
49900
49902
49904
49906
49907
49911
49915
50077
50078
50080
50082
50084
50085
50086
50089
50093
50260
50262
50264
50266
50268
50269
50270
50273
50408
50410
50412
50414
50416
50417
50418
50421
50425
50580
50582
50584
50586
50588
50589
50593
50597
50768
50770
50772
50774
50782
50958
50960
50962
50964
50966
50968
50969
50973
50977
51146
51148
51150
51152
51154
51156
51157
51161
51165
51311
51313
51315
51317
51319
51320
51324
51328
51493
51495
51497
51499
51501
51503
51504
51508
51657
51659
51661
51663
51665
51666
51667
51671
51675
51844
51846
51848
51850
51852
51855
51859
52028
52030
52032
52034
52036
52037
52038
52041
52045
52221
52222
52223
52224
52225
52388
52390
52392
52394
52396
52397
52401
52405
52552
52554
52556
52558
52560
52561
52565
52569
52734
52736
52738
52740
52742
52744
52745
52749
52753
52913
52914
52916
52918
52920
52924
52928
53091
53093
53095
53104
53108
53273
53275
53277
53279
53281
53282
53286
53290
53459
53461
53463
53465
53467
53468
53472
53476
53623
53625
53627
53629
53631
53633
53634
53638
53642
53806
53808
53810
53812
53814
53817
53821
53825
53982
53984
53986
53988
53990
53993
53997
54149
54151
54153
54155
54157
54158
54162
54166
54339
54341
54343
54345
54347
54349
54350
54354
54520
54522
54524
54526
54528
54529
54530
54533
54537
54703
54705
54708
54710
54713
54717
54891
54893
54895
54897
54899
54900
54901
55048
55050
55052
55054
55056
55057
55061
55065
55222
55224
55226
55228
55230
55231
55232
55235
55239
55399
55401
55403
55405
55407
55410
55414
55418
55573
55575
55577
55579
55581
55582
55590
55763
55765
55767
55769
55771
55774
55778
55922
55924
55926
55928
55930
55932
55933
55937
55941
56100
56102
56104
56106
56108
56109
56113
56117
56275
56277
56279
56281
56283
56284
56287
56290
56464
56465
56466
56467
56468
56469
56470
56471
56472
56473
56474
56615
56617
56619
56621
56623
56624
56628
56632
56797
56799
56800
56802
56804
56807
56811
56815
56958
56959
56960
56961
56962
56963
56965
56967
56970
56974
56978
57151
57153
57155
57157
57159
57161
57162
57166
57170
